1733039	Sabah	5.5	117	4.11653	115.341583	7.3634071	119.2675019	1.03333	109.75	7.95	124.125	ADM1	Y	6527
147551	Masally District	39	48.66667	38.8357519	48.46623410000001	39.153491	48.9220023	38.6105	48.4521	39.45362	48.92286	ADM1	N	116
2565344	Enugu State	6.5	7.5	5.914882	6.9075909	7.1198779	7.8670259	5.90343	6.79533	9.04571	7.86905	ADM1	N	401
1337179	Dhaka Division	24.16667	90.41667	22.8457651	89.3020689	24.7891189	91.2582149	22.48	89.31554	25.43123	91.37892	ADM1	Y	6911
2098593	Chimbu Province	-6.25	144.83333	-6.8954711	144.4285419	-5.775725	145.33975	-8.68333	144.33333	-5.78333	147.26667	ADM1	Y	677
3373570	Saint James	13.21667	-59.61667	13.1381931	-59.64361599999999	13.237683	-59.598465	13.13333	-59.65	13.21667	-59.58333	ADM1	Y	38
8299732	Marsaxlokk	35.84167	14.55139	35.8192413	14.526355	35.847772	14.5724173	35.81667	14.52806	35.84806	14.57167	ADM1	N	64
2083546	West New Britain Province	-5.87833	149.82605	-6.317936899999999	148.3095721	-4.5408704	151.6839161	-6.58333	144.45	-4.44598	151.667	ADM1	Y	1068
3434137	Entre Ríos Province	-32	-59	-34.0391275	-60.7680611	-30.1601613	-57.81191139999999	-34.03422	-68.41667	-25.10528	-56.23333	117481.98804745401
1734240	Labuan	5.33333	115.2	5.2177448	115.1200304	5.3877618	115.3263788	4.67522	115.08333	5.39333	115.70248	ADM1	Y	116
3054638	Budapest	47.5	19.08333	47.349415	18.9261011	47.6130119	19.334505	47.20695	18.88333	47.60037	19.73876	ADM1	Y	570
6957553	Daykundi Province	33.75	66.25	32.932084	65.23819689999999	34.36751	67.4245309	31.6793	60.81416	34.35025	67.38028	32567.524927497027
2275099	Maryland County	4.75	-7.75	4.3541994	-8.0795251	5.130764999999999	-7.5213661	4.32833	-8.33333	5.1	-7.53393	ADM1	N	296
1733037	Selangor	3.16667	101.5	2.5338311	100.7118065	3.8706219	101.970064	2.595	100.56667	3.8529	101.9672	ADM1	Y	1853
3435907	Provincia de Buenos Aires	-36	-60	-41.0404548	-63.3926469	-33.263335	-56.6647663	-58.11667	-72.27454	-27.16919	-53.55	487834.450728393
2276622	Grand Gedeh County	5.96667	-8.2	5.5142849	-9.088702999999999	6.5055948	-7.371478	5.18333	-8.92611	6.47111	-7.51591	ADM1	N	328
1733036	Terengganu	5	103	3.8808629	102.379055	5.9856609	103.7654641	3.03333	102.01667	5.96296	103.98333	ADM1	Y	4906
184742	Nairobi	-1.28333	36.83333	-1.4522759	36.6511271	-1.165677	37.1050441	-1.41667	36.66556	-1.03326	37.06933	ADM1	Y	1059
290595	Umm al Qaywayn	25.5	55.75	25.323967	55.5175201	25.69548	55.953869	25.32611	55.53241	25.97417	56.19222	1811.7564693956579
443120	Ajloun	32.33333	35.75	32.1915746	35.5918162	32.4391667	35.8917813	29.86349	35.62245	32.43333	37.58559	ADM1	Y	158
1223421	Western Province	6.83333	80.08333	6.333996	79.8163752	7.3244779	80.3798341	6.3493	79.8	7.5994	81.23333	ADM1	Y	3557
3373580	Saint Andrew	13.23333	-59.56667	13.204939	-59.60091989999999	13.293989	-59.5420721	13.2	-59.6	13.28333	-59.53333	ADM1	Y	41
3573739	San Fernando	10.28127	-61.45037	10.262327	-61.47267110000001	10.2923301	-61.43780799999999	10.24955	-61.48351	10.30618	-61.43377	ADM1	Y	31
1337229	Barisal Division	22.5	90.33333	21.7301615	89.8594281	23.0715591	91.0169219	21.77598	89.8719	22.97372	92.19167	ADM1	Y	1930
2083551	Western Highlands Province	-5.75	144.25	-6.3646218	143.771268	-5.2128599	144.5993042	-9.35	142.44366	-5.17954	148.26667	ADM1	Y	311
1733041	Perak	5	101	3.6677618	100.312057	5.93451	101.7526549	3.21667	100.01667	5.93333	103.6	ADM1	Y	5310
10792475	Tosagua	-0.77931	-80.27831	-0.8103862	-80.26542669999999	-0.7554598	-80.2058601	-0.83611	-80.2963	-0.75945	-80.19495	ADM2	N	3
1733044	Kelantan	5.33333	102	4.5463078	101.33334	6.2695454	102.6695797	4.5756	100.35	6.25	102.63333	ADM1	Y	5218
8634310	Kirfi	10.39427	10.53223	10.2815688	10.3413463	10.5573967	10.4603192	10.31314	10.28799	10.59643	10.78497	ADM2	N	13
1142226	Faryab Province	36.25	64.83333	35.163196	63.894718	37.250168	65.822068	35.1933	63.89382	37.62778	66.58333	ADM1	N	1471
1733043	Negeri Sembilan	2.75	102.16667	2.3897718	101.6844827	3.289874	102.7020759	2.3916	101.20833	4.51667	103.48333	ADM1	Y	3092
1733046	Kuala Lumpur	3.14309	101.68653	3.0336329	101.61545	3.2433789	101.758529	3.1412	101.67361	6.2113	118.094	ADM1	Y	6
409315	Vayots’ Dzor	39.75	45.41667	39.502243	45.066502	40.01380899999999	45.825905	39.50293	44.77397	39.9779	45.71948	3706.249736390864
7730056	Gulani	11	11.71667	10.5435467	11.4387612	10.8943716	11.9509988	10.63037	11.57099	11.14675	11.93529	ADM2	N	12
1871856	Pyongyang	38.98528	125.92778	38.707149	125.5068721	39.2762339	126.3880851	38.70361	125.53333	39.40861	126.40139	ADM1	Y	1875
186298	Mombasa	-4.02	39.66667	-4.127705	39.5790409	-3.912621	39.7639429	-4.11481	39.56667	-3.91363	39.83955	ADM1	Y	169
3351640	Província do Bié	-12.34989	17.3031	-14.305984	15.7335889	-10.572202	19.2239829	-14.18333	-12.4021	16.71518	19.16667	156137.96623168307
2519582	Ceuta	35.89028	-5.3075	35.8710798	-5.3819772	35.917382	-5.2783392	35.86979	-5.38202	35.92218	-5.27731	ADM1	Y	157
2097855	Eastern Highlands Province	-6.5	145.58333	-7.1572681	144.985481	-5.853335	146.149775	-7.15	142.53333	-5.86667	146.2	ADM1	Y	997
2278292	Bong County	6.96667	-9.63333	6.397581	-10.4769089	7.430014999999999	-9.094152099999999	6.46667	-10.49637	8.29702	-9.1	ADM1	N	1050
3833578	Tucumán Province	-27	-65.5	-27.9971035	-66.1620883	-26.0584289	-64.4780028	-34.6005	-66.17025	-26.10397	-58.37309	35643.64888585484
2091993	Madang Province	-5	145.5	-6.0312681	143.9739989	-3.9907632	147.218258	-6.09931	142.85334	-1.74913	154.78333	ADM1	Y	1606
4562771	Barceloneta	18.45633	-66.54128	18.3893789	-66.593456	18.4915613	-66.5211219	18.34245	-66.58628	18.49106	-66.52406	ADM1	Y	60
3351879	Republic of Angola	-12.5	18.5	-18.0391039	11.4696999	-4.3879439	24.0878855	-18.01667	-12.4021	16.71518	24.02326	2024705.140966215
2274890	Montserrado County	6.5	-10.56667	6.2204799	-10.9532801	6.851363999999999	-10.3692761	6.17915	-10.95	7.05	-9.53333	ADM1	N	431
7610359	Sint Eustatius	17.5	-62.96667	17.4644651	-63.002982	17.525894	-62.94606899999999	17.45	-63.0	17.51667	-62.93333	ADM1	Y	126
2275344	Lofa County	8.03333	-9.85	7.178834999999999	-10.606035	8.551791	-9.3439181	6.86807	-10.87417	8.53361	-9.36667	ADM1	N	696
864552	Gabrovo	42.95	25.25	42.7335339	24.8678239	43.194038	25.6338341	42.1	24.88333	43.16667	25.61667	ADM1	Y	509
7610358	Saba	17.63333	-63.23333	17.614258	-63.2587899	17.65048	-63.2150291	17.6	-63.26667	17.65	-63.2	ADM1	Y	86
3576023	Parish of Saint John	17.1	-61.85	17.053382	-61.905005	17.173919	-61.7867351	17.05	-61.93333	17.2	-61.6865	168.51437296137684
2588490	Grand Kru County	4.78333	-8.21667	4.4341639	-8.6776371	5.233399899999999	-7.759545999999999	-8.12554	-8.7	6.23609	4.63992	ADM1	N	278
3576024	Parish of Saint George	17.11667	-61.8	17.0828211	-61.8104881	17.1695731	-61.74657209999999	17.08333	-61.81667	17.19167	-61.75587	65.53343270076967
1923045	Banten	-6.5	106.25	-7.016342	105.1001149	-5.8758139	106.779915	-7.007	105.16186	-5.75278	106.7729	ADM1	Y	9352
6362988	Melilla	35.29215	-2.94434	35.2654578	-2.9703158	35.3202884	-2.9232595	35.18119	-2.96967	35.36195	-2.42962	ADM1	Y	65
291075	Ra’s al Khaymah	25.66667	56	24.835826	55.754481	26.0696541	56.2878148	24.865	55.41667	26.05	56.2778	7383.754657814696
1854345	Okinawa	26.5	127.93333	24.045766	122.9337845	27.8855436	131.3320377	24.05448	122.93412	30.55	131.33076	ADM1	Y	1305
933562	Kweneng District	-24	25	-24.7757569	22.9627589	-22.955476	26.0196919	-24.75993	24.75	-20.13777	27.24258	ADM1	Y	294
2335722	Kaduna State	10.33333	7.75	9.002941	6.09143	11.4998619	8.782197	9.02733	6.11667	11.49406	8.84205	ADM1	N	2600
1580578	Ho Chi Minh City	10.82327	106.62978	10.3764859	106.3638783	11.1598332	107.0248557	10.185	106.41048	11.35	107.03333	ADM1	N	1055
3576018	Parish of Saint Mary	17.05	-61.85	17.003604	-61.905935	17.105279	-61.805473	16.99597	-62.06764	17.11126	-61.81054	120.77412627591033
3576016	Parish of Saint Peter	17.1	-61.76667	17.062068	-61.787629	17.1489079	-61.71377	17.05	-61.79303	17.15	-61.71667	75.81320929439453
3838830	Río Negro Province	-40	-67	-42.0024984	-71.9029079	-37.5789663	-62.78731459999999	-41.98333	-71.85416	-34.66546	-58.72345	370318.21169134456
3239282	Beltinci	46.61472	16.23222	46.5791012	16.2038047	46.6263849	16.2670594	46.57361	16.17806	46.6325	16.29993	ADM1	N	12
2278324	Bomi County	6.73333	-10.81667	6.479747	-11.0814981	6.970269	-10.4870661	6.48186	-11.3175	7.00111	-10.5	ADM1	N	422
1843561	Incheon	37.46178	126.70017	37.0028079	124.5981092	38.0026676	126.7936272	35.0732	124.61222	37.98222	128.0108	ADM1	Y	1540
2091495	Manus Province	-2	147	-2.5770971	142.8249971	-0.8726179	148.2078801	-3.38866	142.81667	-0.75406	148.20068	ADM1	Y	533
7671048	Rangpur Division	25.83333	89	25.0351387	88.08619999999999	26.631954	89.8903942	24.59	88.1013	26.62671	90.25	ADM1	Y	9274
6930701	Boucle du Mouhoun Region	12.47203	-3.47305	11.2375639	-4.646695999999999	13.718467	-2.455232	11.28333	-4.572	13.7007	-0.31908	ADM1	Y	921
7671049	Northern Province	9.16667	80.41667	8.5212889	79.652924	9.8313541	80.966637	8.5355	79.51667	9.96344	80.95	ADM1	Y	3502
2324433	Rivers State	4.74974	6.82766	4.347035099999999	6.382472000000001	5.694652899999999	7.588979300000001	4.32611	6.29992	5.72848	7.57162	ADM1	N	1408
9180446	Illela	13.69519	5.36123	13.7250668	5.2961275	13.7745602	5.6583245	13.51865	5.20591	13.80535	5.48139	ADM2	N	11
8349600	Callao	-11.93997	-77.12563	-12.0706585	-77.158476	-11.9369014	-77.07682729999999	-12.0717	-77.16278	-11.87838	-77.09043	ADM2	N	6
2113124	Akita	39.75	140.4	38.8735396	139.6929506	40.5111363	140.9953727	38.90583	138.95	40.5009	140.98344	ADM1	Y	2186
3671087	Quindío Department	4.5	-75.66667	4.073973	-75.896171	4.721426	-75.3832071	4.11611	-75.87389	8.65963	-73.01394	ADM1	N	310
4562512	Aguadilla	18.42745	-67.15407	18.3859249	-67.1694298	18.5133629	-67.056404	18.37745	-67.19879	18.50827	-67.00323	ADM1	Y	102
408665	Northern Bahr el Ghazal	8.85	27	7.897152999999999	26.136269	9.9102859	28.0412139	8.02602	26.14196	9.58035	28.76974	ADM1	Y	629
292224	Dubai	25	55.33333	24.605052	54.894743	25.3538421	56.2046836	24.64856	54.41472	25.60056	56.19449	ADM1	Y	1909
1835327	Daegu	35.8	128.55	35.6071707	128.3497208	36.0172827	128.7632175	35.61423	128.25281	36.01104	128.76183	ADM1	Y	1881
3239105	Kranjska Gora	46.46028	13.83861	46.4098216	13.7264279	46.511028	13.8151358	46.38016	13.71167	46.5175	13.97202	ADM1	N	40
2110345	Nanumea	-5.65545	176.08818	-5.6896353	176.0648649	-5.6430351	176.1320162	-5.69213	176.06161	-5.64416	176.13148	ADM1	N	26
248944	Irbid	32.5	35.83333	32.2476327	35.5464721	32.7553607	36.0871758	31.81573	35.55	32.74313	36.06667	ADM1	Y	855
1547449	Rodrigues	-19.7	63.41667	-19.771759	63.3301171	-19.664032	63.50287660000001	-19.825	63.29722	-19.66667	63.5	ADM1	Y	145
2468351	Gafsa Governorate	34.5	9	34.0835129	8.051029	34.7691659	9.5977559	34.11611	8.14708	35.2264	9.55	ADM1	N	280
1149361	Islamic Republic of Afghanistan	33	66	29.3772	60.5170005	38.49087670000001	74.8898619	29.39118	59.01667	43.66667	74.88333	1410436.4089734447
2273898	Sinoe County	5.33333	-8.76667	4.8043539	-9.4184889	5.8449059	-8.2341789	4.66724	-10.05772	5.90411	-8.1	ADM1	N	548
3373553	Saint Philip	13.11667	-59.46667	13.078951	-59.51082299999999	13.1829601	-59.4210709	13.06667	-59.6	13.2	-59.38333	ADM1	Y	94
3572678	Cat Island	24.335	-75.4575	24.113465	-75.9724641	24.69631	-75.29468609999999	24.04266	-76.0	24.7	-75.29833	ADM1	Y	96
3373557	Saint Michael	13.11667	-59.6	13.0784939	-59.63719399999999	13.158466	-59.567387	13.06667	-59.63333	13.16667	-59.56667	ADM1	Y	56
3946080	Callao	-12.05139	-77.125	-12.12144	-77.252555	-11.8188509	-77.07807509999999	-12.20122	-77.74063	-11.85349	-71.23889	ADM1	Y	112
3373554	Saint Peter	13.25	-59.61667	13.2257179	-59.6469631	13.2988305	-59.572906	13.21667	-59.65	13.28333	-59.56667	ADM1	Y	56
2346794	Borno State	11.5	13	10.0291549	11.6286559	13.721436	14.6779819	10.00745	11.56066	13.69909	14.65	ADM1	N	2957
1300463	Bago Region	18.25	96.25	16.8876511	94.71691	19.487483	97.22583809999999	16.3	94.75396	19.48333	97.21737	ADM1	Y	3478
3239180	Vuzenica	46.56889	15.15222	46.5769963	15.1412489	46.6124685	15.1829375	46.52611	15.13333	46.6039	15.19497	ADM1	N	9
616051	Yerevan	40.18333	44.5	40.08440600000001	44.416932	40.261712	44.66696109999999	40.05	44.4238	40.24739	45.19212	ADM1	Y	217
408656	Western Equatoria	5.4	28.4	4.271712	26.2865889	6.799301	30.997554	4.01049	26.35	6.7836	30.9809	ADM1	Y	2016
3662560	Roraima	2.25	-61.25	-1.5806358	-64.8252444	5.2718389	-58.88687820000001	-3.8	-64.1	5.2	-59.06528	ADM1	Y	1135
2454532	Koulikoro Region	13.8	-7.5	11.4433201	-9.134318	15.499676	-5.940372	11.68003	-9.10688	16.93444	-3.05712	ADM1	Y	4065
3853404	Jujuy Province	-23	-66	-24.6074314	-67.2374206	-21.7794585	-64.1549213	-50.71667	-72.31667	-21.7972	-64.16772	97991.85357509638
2097655	Enga Province	-5.5	143.5	-5.9661789	142.7393411	-5.0077089	144.2541971	-5.95502	142.51879	-4.19915	144.85	ADM1	Y	232
311044	İzmir	38.46219	27.09229	37.8185769	26.2302011	39.39157	28.499208	37.68333	26.19505	39.375	28.45556	ADM1	Y	2088
1636525	Manatuto	-8.71667	125.95	-9.072474	125.7584121	-8.4820159	126.196725	-9.10011	125.76389	-8.46667	126.175	ADM1	Y	553
3239075	Vipava	45.82361	13.98444	45.8185959	13.9441307	45.8606021	13.9871222	45.7721	13.90296	45.87583	14.05304	ADM1	N	37
2593110	Canary Islands	28	-15.5	27.6377894	-18.1612216	29.4165069	-13.3336473	27.63771	-18.16667	40.85591	-4.76879	ADM1	Y	5057
2332785	Kwara State	8.5	5	7.966079000000001	2.728413	10.152084	6.214258999999999	4.49294	2.76667	9.91667	7.44373	ADM1	N	965
1830206	Pailin	12.86667	102.6	12.6659239	102.4855639	13.114575	102.752121	12.7869	102.58379	14.39463	104.68019	ADM1	Y	21
1311871	Mandalay Region	21	96	19.7107351	94.82734699999999	23.6361769	96.891065	16.42159	94.81913	23.67826	98.82961	ADM1	Y	3289
3433955	Ciudad Autónoma de Buenos Aires	-34.6	-58.45	-34.7055085	-58.5314522	-34.5265464	-58.33514470000001	-45.52965	-71.56667	-30.05	-58.34836	357.09752057087087
2352776	Federal Capital Territory	8.83333	7.16667	8.396675	6.749135	9.3574219	7.617400000000001	8.45667	6.78333	9.40884	7.72127	ADM1	Y	325
3373565	Saint Lucy	13.3	-59.61667	13.2740421	-59.650559	13.3351301	-59.57436509999999	13.23333	-59.65	13.33333	-59.56667	ADM1	Y	122
1327132	Chin State	22	93.5	20.6635458	92.6037597	24.0915281	94.1857909	20.6857	92.62776	26.05	94.14444	ADM1	Y	1278
323776	Antalya	36.77409	30.71777	36.092439	29.268911	37.437815	32.60836010000001	31.93617	29.24404	38.10618	35.92816	ADM1	N	3067
3239073	Borovnica	45.91444	14.37944	45.9012233	14.345481	45.9358871	14.3847739	45.8903	14.34028	45.94	14.39917	ADM1	N	16
2276630	Grand Bassa County	6.23333	-9.83333	5.5731877	-10.3761054	6.7131769	-9.024494	5.3	-10.37285	6.71239	-8.7	ADM1	N	1533
11153052	Bas-Sassandra	5.49929	-6.66085	4.357067	-7.596900099999999	6.5634699	-5.719812	4.35	-7.59206	6.48639	-5.44369	51060.18259477722
11153054	Denguélé	9.49712	-7.37629	8.5732291	-8.1668441	10.4881189	-6.570768999999999	8.61217	-8.1339	10.99974	-6.62167	37366.86654335653
11153063	Zanzan	8.50016	-3.21384	7.059156	-4.318694	9.957134100000001	-2.494897	6.62103	-5.91144	9.91919	-2.53031	64853.98749453949
3337388	Flanders	51	4.5	50.68736000000001	2.5449401	51.5051	5.911010099999999	50.45	2.54958	51.50014	5.88065	21560.206285628425
3336899	Aragon	41.5	-0.66667	39.846778	-2.1736712	42.9244952	0.7713066	39.89301	-4.1412	42.91822	3.26792	86037.32691409283
3336898	Cantabria	43.2	-4.03333	42.75804979999999	-4.8517782	43.5136929	-3.149652	42.77514	-4.90531	43.65	-3.17108	11676.199098950061
3336897	La Rioja	42.3	-2.5	41.9190339	-3.1342713	42.6442647	-1.6787014	39.83333	-3.09931	42.63477	3.66667	9711.790413217397
3336902	Galicia	42.75508	-7.86621	41.8074776	-9.3015156	43.7923795	-6.733953199999999	28.63349	-17.75336	43.79061	-0.78895	46967.4337658603
2194371	Western Division	-18	177.5	-18.5983401	176.917581	-16.696293	178.454681	-18.75	176.88333	-16.58333	178.71667	34260.87681666252
3493232	Samaná Province	19.25	-69.45	18.986232	-69.72264	19.36141	-69.148804	18.34927	-69.99567	19.45486	-68.82903	2517.102453343926
6957555	Panjshir	35.40248	69.98291	35.077835	69.24484009999999	35.900986	70.2999619	34.6405	60.9996	35.88256	70.27202	8788.21835192659
3067695	Hlavní město Praha	50.08333	14.46667	49.94193629999999	14.2244533	50.177403	14.7067945	49.95873	14.26	50.63508	14.66915	903.7421068193248
3349096	Cunene Province	-16.51009	15.43526	-17.442467	13.1554	-15.158318	17.402746	-17.43333	13.3	-15.15	20.11667	114435.25409559924
2761367	Wien	48.2082	16.37169	48.1178444	16.1819291	48.3246262	16.5776676	46.96667	10.0375	48.31667	16.62021	675.4712560545437
2766823	Salzburg	47.41667	13.25	46.94347	12.07669	48.04121	13.9965099	46.90683	12.08333	48.01667	15.11667	17789.40620357653
3351660	Benguela	-12.85399	13.92825	-13.89211	12.529239	-11.7670449	15.0910111	-14.65	12.52188	-11.42644	19.0	65341.302810237255
1477494	Pirojpur	22.53671	90.00033	22.15108	89.8629284	22.8668434	90.1902009	22.23333	89.96667	22.77	92.19167	2682.5652125846354
2497322	El Tarf	36.75	8.16667	36.3699299	7.730847	36.95554	8.67615	36.38038	7.74595	52.07951	8.63333	5511.303639634763
6692632	Attica	37.92037	23.9035	35.822384	22.8909853	38.3409795	24.1161499	35.82306	22.89154	38.34031	25.41835	30935.17544862555
2064513	Northern Territory	-20	134	-25.9986183	129.0004761	-10.809854	138.0011997	-35.47167	112.98333	-10.01667	145.2	1518969.7544049465
6697807	Peloponnese	37.62728	22.43958	36.3853125	21.5389289	38.1430037	23.4546164	36.3866	21.23795	38.277	24.92027	33515.88624262137
6697803	East Macedonia and Thrace	40.94671	25.33447	40.3922362	23.6235474	41.7490577	26.6352367	37.59815	23.69079	41.72048	26.61126	38478.98971808098
6697802	Crete	35.15585	24.89502	34.8008834	23.4716205	35.6956945	26.3525195	34.82023	22.98119	36.32582	26.34083	26171.69566536243
2622320	Faroe Islands	62	-7	61.3677776	-7.7178956	62.4310742	-6.190796	61.33333	-7.8	62.5041	-5.33333	9620.231932974388
6269131	England	52.16045	-0.70312	49.8647411	-6.4185458	55.81165979999999	1.7629159	49.83333	-6.46667	55.80509	3.22932	387581.8174180894
3924825	Rondônia	-11	-63	-13.6937038	-66.8102456	-7.9692976	-59.77434709999999	-15.84028	-66.1	-8.0	-59.81667	483816.8994564857
2781194	Burgenland	47.5	16.41667	46.83047	15.99632	48.11879	17.1604	46.83333	15.86667	48.4	17.135	12686.1490694342
