8030560	Amudat District	1.8195350000000001	34.84963	1.43922	34.77146	2.19985	34.9278	10	10	11	11
8030561	Napak District	2.3551450000000003	34.28249	2.06126	34.06654	2.64903	34.49844	14	14	15	15
8030563	Zombo District	2.5096249999999998	30.9157	2.35968	30.8079	2.65957	31.0235	29	30	31	31
8030583	Ntoroko District	0.910995	30.376075	0.75729	30.22007	1.0647	30.53208	11	11	12	12
8030568	Alebtong District	2.263345	33.18595	2.07866	33.03082	2.44803	33.34108	15	17	18	18
8030566	Agago District	2.940365	33.27438	2.63073	33.04619	3.25	33.50257	35	36	38	38
7056295	Oyam District	2.36159	32.4838	2.14055	32.29705	2.58263	32.67055	22	23	24	24
7056283	Dokolo District	1.9206400000000001	33.12034	1.75837	32.99194	2.08291	33.24874	19	19	22	22
7056285	Isingiro District	-0.8236749999999999	30.847685	-0.98715	30.5354	-0.6602	31.15997	28	29	30	30
7056284	Ibanda District	-0.053834999999999994	30.503619999999998	-0.24078	30.41476	0.13311	30.59248	17	19	20	20
3033789	Territoire de Belfort	47.607079999999996	6.948055	47.47083	6.81472	47.74333	7.08139	90	92	104	104
443786	Nakasongola District	1.288305	32.487605	1.03631	32.20814	1.5403	32.76707	30	32	36	36
443787	Sembabule District	-0.11783000000000002	31.319274999999998	-0.31208	31.07689	0.07642	31.56166	25	26	30	30
443782	Adjumani District	3.2838849999999997	31.785420000000002	3.04064	31.56645	3.52713	32.00439	25	27	28	28
443360	Nebbi District	2.386235	31.273375	2.21498	31.04455	2.55749	31.5022	36	40	43	43
443357	Moyo District	3.5303899999999997	31.75448	3.3634	31.55033	3.69738	31.95863	21	25	32	32
443327	Apac District	1.925805	32.519455	1.7398	32.20206	2.11181	32.83685	27	27	29	29
443349	Lira District	2.334945	32.943225	2.09515	32.83041	2.57474	33.05604	28	30	33	33
448215	Kaberamaido District	1.81053	33.217465000000004	1.62953	33.03846	1.99153	33.39647	27	28	30	30
448216	Kamwenge District	0.13348500000000002	30.4603	-0.12476	30.27343	0.39173	30.64717	16	17	20	20
8131720	Köpingsvik	56.877979999999994	16.774755	56.87797	16.71857	56.87799	16.83094	2	2	3	3
2098593	Chimbu Province	-6.2	144.949835	-6.58333	144.633	-5.81667	145.26667	515	537	563	678
2110345	Nanumea	-5.682565	176.123315	-5.69213	176.11515	-5.673	176.13148	8	13	27	27
3239069	Ig	45.96264	14.50458	45.94	14.48944	45.98528	14.51972	2	9	31	31
3239107	Preddvor	46.30505	14.41318	46.29343	14.39758	46.31667	14.42878	2	8	19	19
3193340	Piran	45.511565000000004	13.591104999999999	45.50833	13.58556	45.5148	13.59665	4	14	45	49
448224	Wakiso District	0.3734	32.45904	0.19097	32.25019	0.55583	32.66789	55	65	78	78
6362988	Melilla	35.298865	-2.9474099999999996	35.27942	-2.96249	35.31831	-2.93233	55	55	67	67
3187213	Vrhnika	45.97972	14.230695	45.9525	14.22063	46.00694	14.24076	2	10	29	29
1477362	Sylhet Division	24.65771	91.79499999999999	24.19542	91.21	25.12	92.38	44	45	46	46
3572678	Cat Island	24.223750000000003	-75.45558	24.1125	-75.53156	24.335	-75.3796	15	36	95	97
6355234	Murcia	38.136449999999996	-1.240265	38.02478	-1.42602	38.24812	-1.05451	14	18	46	46
443355	Mbarara District	-0.585855	30.540779999999998	-0.83333	30.4026	-0.33838	30.67896	18	20	22	22
8133126	Svedala	55.507955	13.304835	55.50603	13.2426	55.50988	13.36707	2	3	5	5
443342	Kasese District	0.21775	29.98131	-0.0019	29.73859	0.4374	30.22403	28	30	34	34
2525065	Catania	37.587055	15.02843	37.55555	14.89058	37.61856	15.16628	11	21	59	59
3373988	Christ Church	13.064245	-59.541665	13.04516	-59.6	13.08333	-59.48333	67	73	83	133
1734240	Labuan	5.29291	115.225	5.24832	115.18333	5.3375	115.26667	36	47	79	117
3202707	Cerknica	45.833484999999996	14.456365	45.81694	14.43167	45.85003	14.48106	2	21	73	73
3946080	Callao	-12.08721	-77.17484	-12.12442	-77.25278	-12.05	-77.0969	49	67	118	119
1733046	Kuala Lumpur	3.18106	101.69135	3.1412	101.67361	3.22092	101.70909	3	6	7	7
2588490	Grand Kru County	4.72212	-8.186065	4.47798	-8.50763	4.96626	-7.8645	211	224	277	279
1830206	Pailin	12.88337	102.61168	12.7869	102.58379	12.97984	102.63957	17	20	22	22
1337229	Barisal Division	22.303825	90.42778	21.77598	89.8719	22.83167	90.98366	1957	1960	1965	1965
1337179	Dhaka Division	24.196485000000003	90.10956999999999	22.99914	89.31554	25.39383	90.9036	6910	6925	6951	6960
2352776	Federal Capital Territory	8.931930000000001	7.22055	8.45667	6.78333	9.40719	7.65777	313	318	323	326
3373553	Saint Philip	13.11667	-59.458335000000005	13.06667	-59.5	13.16667	-59.41667	33	35	37	95
3373557	Saint Michael	13.108335	-59.6	13.06667	-59.63333	13.15	-59.56667	23	23	24	57
3373554	Saint Peter	13.25	-59.602244999999996	13.21667	-59.63782	13.28333	-59.56667	15	16	17	57
3373565	Saint Lucy	13.29167	-59.608335	13.26667	-59.65	13.31667	-59.56667	19	21	24	123
3373570	Saint James	13.175	-59.625	13.13333	-59.65	13.21667	-59.6	15	17	18	39
3373580	Saint Andrew	13.241665	-59.572615	13.2	-59.6	13.28333	-59.54523	23	23	24	42
9180446	Illela	13.6796	5.387245	13.55385	5.36123	13.80535	5.41326	2	6	12	12
2083546	West New Britain Province	-5.429145	149.988225	-6.31752	148.30945	-4.54077	151.667	982	984	990	1071
2083551	Western Highlands Province	-5.6586300000000005	144.44326	-6.13393	143.95319	-5.18333	144.93333	290	291	301	312
3662560	Roraima	0.9416650000000002	-61.449304999999995	-3.31667	-63.83333	5.2	-59.06528	1103	1106	1116	1136
3239075	Vipava	45.80903	13.98165	45.7825	13.96552	45.83556	13.99778	8	14	38	38
3239073	Borovnica	45.91872	14.382919999999999	45.898	14.36667	45.93944	14.39917	10	12	17	17
3239105	Kranjska Gora	46.46647	13.77514	46.43294	13.71167	46.5	13.83861	12	21	41	41
3239180	Vuzenica	46.579899999999995	15.150275	46.56341	15.13333	46.59639	15.16722	2	7	10	10
3239282	Beltinci	46.61889	16.253925000000002	46.60528	16.20792	46.6325	16.29993	7	10	13	13
2091993	Madang Province	-5.04769	145.758335	-6.09931	144.31667	-3.99607	147.2	1510	1511	1514	1607
2091495	Manus Province	-1.83785	146.11229500000002	-2.92164	144.02391	-0.75406	148.20068	506	514	528	534
2097655	Enga Province	-5.496175	143.26171	-5.95502	142.51879	-5.03733	144.00463	226	227	231	233
2097855	Eastern Highlands Province	-6.525	145.593595	-7.15	144.98719	-5.9	146.2	898	899	901	998
1636525	Manatuto	-8.78339	125.97625	-9.10011	125.7775	-8.46667	126.175	552	552	554	554
3671087	Quindío Department	4.4330549999999995	-75.63116500000001	4.11611	-75.87389	4.75	-75.38844	265	294	309	311
933562	Kweneng District	-24.32163	25.3393	-24.75993	24.75	-23.88333	25.9286	283	291	295	295
1923045	Banten	-6.4052	105.96738	-6.99939	105.16186	-5.81101	106.7729	9325	9332	9338	9353
2519582	Ceuta	35.895155	-5.3288899999999995	35.872	-5.38047	35.91831	-5.27731	148	152	159	159
7730056	Gulani	10.86971	11.75314	10.63037	11.57099	11.10905	11.93529	12	12	13	13
1223421	Western Province	6.841315	80.07525	6.3493	79.8	7.33333	80.3505	3515	3530	3539	3587
4562512	Aguadilla	18.451884999999997	-67.12907	18.3955	-67.19185	18.50827	-67.06629	80	90	99	103
4562771	Barceloneta	18.416755000000002	-66.56142	18.34245	-66.58628	18.49106	-66.53656	57	58	61	61
248944	Irbid	32.454395	35.805685	32.17682	35.55886	32.73197	36.05251	809	814	826	856
3833578	Tucumán Province	-27.050945	-65.331715	-27.99792	-66.17025	-26.10397	-64.49318	676	679	680	687
3838830	Río Negro Province	-39.791665	-67.32708	-41.98333	-71.85416	-37.6	-62.8	1432	1435	1437	1463
10792475	Tosagua	-0.76938	-80.245625	-0.77931	-80.2963	-0.75945	-80.19495	2	3	4	4
8349600	Callao	-12.005835000000001	-77.126605	-12.0717	-77.16278	-11.93997	-77.09043	6	6	7	7
2113124	Akita	39.703365000000005	140.34132499999998	38.90583	139.69921	40.5009	140.98344	2191	2196	2198	2199
7610359	Sint Eustatius	17.475	-62.966665	17.45	-63.0	17.5	-62.93333	13	17	19	127
7610358	Saba	17.633335	-63.233335	17.61667	-63.25	17.65	-63.21667	18	20	24	87
2273898	Sinoe County	5.324350000000001	-8.856594999999999	4.7937	-9.43569	5.855	-8.2775	519	531	539	549
8634310	Kirfi	10.49535	10.451705	10.39427	10.37118	10.59643	10.53223	2	7	14	14
2275344	Lofa County	7.80847	-9.98	7.08333	-10.57667	8.53361	-9.38333	652	659	670	697
2275099	Maryland County	4.7141649999999995	-7.80863	4.32833	-8.08333	5.1	-7.53393	276	285	289	297
2274890	Montserrado County	6.475295	-10.654074999999999	6.17915	-10.95	6.77144	-10.35815	358	370	379	432
2276622	Grand Gedeh County	5.909885	-8.22101	5.34866	-8.92611	6.47111	-7.51591	326	327	328	329
2276630	Grand Bassa County	6.025	-9.761425	5.4	-10.37285	6.65	-9.15	1340	1344	1356	1534
2278324	Bomi County	6.730255	-10.78167	6.48186	-11.06334	6.97865	-10.5	395	397	398	423
2278292	Bong County	6.94905	-9.798185	6.46667	-10.49637	7.43143	-9.1	1041	1041	1042	1051
3573739	San Fernando	10.27354	-61.46208	10.25788	-61.47826	10.2892	-61.4459	11	22	32	32
3576023	Parish of Saint John	17.120835	-61.865555	17.06667	-61.93111	17.175	-61.8	75	79	86	115
3576024	Parish of Saint George	17.1375	-61.777935	17.08333	-61.8	17.19167	-61.75587	20	21	22	41
3576018	Parish of Saint Mary	17.05325	-61.86360500000001	17.00533	-61.91667	17.10117	-61.81054	55	55	58	86
3576016	Parish of Saint Peter	17.108334999999997	-61.754850000000005	17.06667	-61.79303	17.15	-61.71667	22	23	24	47
3853404	Jujuy Province	-23.1986	-65.651115	-24.6	-67.13451	-21.7972	-64.16772	1368	1375	1378	1409
1547449	Rodrigues	-19.71667	63.408335	-19.76667	63.31667	-19.66667	63.5	113	124	131	146
2565344	Enugu State	6.501715	7.4045749999999995	5.90343	6.9401	7.1	7.86905	397	398	400	402
408665	Northern Bahr el Ghazal	8.74435	27.455849999999998	8.02602	26.14196	9.46268	28.76974	624	626	630	630
408656	Western Equatoria	5.397045	28.848785	4.01049	26.71667	6.7836	30.9809	2013	2013	2016	2017
409315	Vayots’ Dzor	39.740415	45.394499999999994	39.50293	45.06952	39.9779	45.71948	1800	1805	1807	1836
3434137	Entre Ríos Province	-32.06711	-59.335565	-34.03422	-60.77151	-30.1	-57.89962	2463	2469	2478	2480
3433955	Ciudad Autónoma de Buenos Aires	-34.62666	-58.437295	-34.71963	-58.52623	-34.53369	-58.34836	652	670	691	808
3435907	Provincia de Buenos Aires	-37.134479999999996	-60.0	-40.9704	-63.38333	-33.29856	-56.61667	9401	9408	9438	9508
1835327	Daegu	35.812635	128.55947500000002	35.61423	128.35712	36.01104	128.76183	2000	2013	2019	2020
290595	Umm al Qaywayn	25.50889	55.74351	25.32611	55.53241	25.69167	55.95461	218	223	226	226
291075	Ra’s al Khaymah	25.4575	56.008790000000005	24.865	55.73978	26.05	56.2778	400	402	403	409
292224	Dubai	24.98272	55.57961	24.64856	54.96473	25.31688	56.19449	1681	1683	1684	1910
147551	Masally District	39.03197	48.72665	38.85668	48.53044	39.20726	48.92286	114	114	117	117
1843561	Incheon	37.50181	125.75	37.0214	124.61222	37.98222	126.88778	1659	1671	1677	1681
864552	Gabrovo	42.958335000000005	25.25	42.75	24.88333	43.16667	25.61667	292	293	294	540
2593110	Canary Islands	28.524935	-15.75	27.63771	-18.16667	29.41216	-13.33333	4935	4938	4940	5146
1142226	Faryab Province	36.21156	64.841525	35.1933	63.89382	37.22982	65.78923	1468	1470	1472	1472
1854345	Okinawa	25.969990000000003	127.13244	24.05448	122.93412	27.8855	131.33076	1283	1286	1288	1335
1149361	Islamic Republic of Afghanistan	33.93833	67.63428	29.39118	60.56611	38.48548	74.70245	74762	74762	74765	74798
1580578	Ho Chi Minh City	10.726825000000002	106.7096	10.32032	106.41048	11.13333	107.00872	1010	1012	1014	1056
443120	Ajloun	32.316665	35.73286	32.2	35.62245	32.43333	35.84327	141	151	157	159
2454532	Koulikoro Region	13.589155	-7.54599	11.68003	-9.10688	15.49828	-5.9851	4058	4063	4067	4067
6930701	Boucle du Mouhoun Region	12.492014999999999	-3.5539300000000003	11.28333	-4.572	13.7007	-2.53586	903	906	907	922
7671048	Rangpur Division	25.897905	88.988405	25.1691	88.1013	26.62671	89.87551	9304	9305	9308	9312
7671049	Northern Province	9.184415000000001	80.308335	8.5355	79.66667	9.83333	80.95	3057	3058	3060	3511
1871856	Pyongyang	38.985834999999994	125.96736000000001	38.70361	125.53333	39.26806	126.40139	1861	1861	1862	1876
2468351	Gafsa Governorate	34.424369999999996	8.84854	34.11611	8.14708	34.73263	9.55	268	268	269	281
3054638	Budapest	47.492414999999994	19.10205	47.38446	18.88333	47.60037	19.32077	547	550	551	571
184742	Nairobi	-1.29167	36.866115	-1.41667	36.66556	-1.16667	37.06667	980	983	984	1060
11153052	Bas-Sassandra	5.34645	-6.555194999999999	4.35	-7.59206	6.3429	-5.51833	844	852	864	868
11153054	Denguélé	9.505385	-7.377785	8.61217	-8.1339	10.3986	-6.62167	1114	1114	1115	1115
11153063	Zanzan	8.501335000000001	-3.428475	7.08348	-4.28333	9.91919	-2.57362	1110	1111	1113	1123
186298	Mombasa	-4.011825	39.666669999999996	-4.11002	39.56667	-3.91363	39.76667	148	150	152	170
3337388	Flanders	51.09488	4.192245	50.68962	2.54958	51.50014	5.83491	8639	8659	8669	9988
3336899	Aragon	41.396505	-0.670555	39.89301	-2.15	42.9	0.80889	3585	3592	3597	3636
3336898	Cantabria	43.145905	-4.038195	42.77514	-4.90531	43.51667	-3.17108	1740	1744	1747	1775
3336897	La Rioja	42.288035	-2.34132	41.9413	-3.09931	42.63477	-1.58333	686	689	690	693
3336902	Galicia	42.81897	-8.052480000000001	41.84733	-9.3	43.79061	-6.80496	7528	7531	7538	7752
2194371	Western Division	-17.44163	177.7	-18.29993	176.88333	-16.58333	178.51667	3398	3398	3410	4260
311044	İzmir	38.595835	27.325305	37.81667	26.19505	39.375	28.45556	2061	2065	2068	2089
1733039	Sabah	5.775	117.327365	4.15	115.36667	7.4	119.28806	6080	6102	6137	6548
1733037	Selangor	3.2239500000000003	101.37055000000001	2.595	100.8122	3.8529	101.9289	1832	1833	1835	1856
1733036	Terengganu	4.92483	103.044395	3.8867	102.39799	5.96296	103.6908	4418	4422	4426	4907
1733041	Perak	4.75456	100.975	3.681	100.25	5.82812	101.7	4272	4272	4284	5311
1733044	Kelantan	5.4128	102.00833	4.5756	101.38333	6.25	102.63333	3580	3597	3603	5219
1733043	Negeri Sembilan	2.8257000000000003	102.165915	2.3986	101.63333	3.2528	102.6985	3024	3039	3056	3093
1300463	Bago Region	18.14106	95.964505	16.79879	94.75396	19.48333	97.17505	3448	3456	3470	3479
3493232	Samaná Province	19.20659	-69.492175	19.05	-69.83435	19.36318	-69.15	518	521	525	553
2324433	Rivers State	4.9658549999999995	6.943630000000001	4.32611	6.31564	5.6056	7.57162	1393	1400	1406	1409
6957555	Panjshir	35.52035	69.767005	35.15814	69.26199	35.88256	70.27202	510	512	513	513
6957553	Daykundi Province	33.66779	66.32935	32.98533	65.27842	34.35025	67.38028	3578	3582	3584	3584
3067695	Hlavní město Praha	50.062505	14.464575	49.95873	14.26	50.16628	14.66915	1283	1283	1284	1310
3349096	Cunene Province	-16.291665000000002	15.3	-17.43333	13.3	-15.15	17.3	294	297	298	306
323776	Antalya	36.746395	30.958799999999997	36.08337	29.27582	37.40942	32.64178	2895	2896	2899	3068
1311871	Mandalay Region	21.56848	95.81142	19.4587	94.85336	23.67826	96.76948	3271	3273	3281	3290
2761367	Wien	48.214685	16.382725	48.1127	16.18908	48.31667	16.57637	1050	1057	1064	1130
2332785	Kwara State	8.975	4.458335	8.03333	2.76667	9.91667	6.15	802	806	808	966
2766823	Salzburg	47.475115	13.04111	46.93356	12.08333	48.01667	13.99889	3174	3181	3186	4839
3351660	Benguela	-12.645785	13.794274999999999	-13.7	12.52188	-11.59157	15.06667	1639	1643	1647	1790
3351640	Província do Bié	-12.414404999999999	17.44663	-14.18333	15.72659	-10.64548	19.16667	2352	2353	2355	2359
3351879	Republic of Angola	-11.258335	17.8624	-18.01667	11.70154	-4.5	24.02326	48549	48549	48552	49432
2335722	Kaduna State	10.260694999999998	7.464510000000001	9.02733	6.11667	11.49406	8.81235	2845	2845	2846	2851
8299732	Marsaxlokk	35.83167	14.549865	35.81667	14.52806	35.84667	14.57167	63	63	64	65
1477494	Pirojpur	22.528335	90.035	22.28667	89.96667	22.77	90.10333	3	6	7	7
2497322	El Tarf	36.664495	8.18964	36.38038	7.74595	36.94861	8.63333	870	870	871	887
6692632	Attica	37.081685	23.495675	35.82306	22.89154	38.34031	24.09981	2623	2627	2631	2730
616051	Yerevan	40.148695000000004	44.51366	40.05	44.4238	40.24739	44.60352	193	196	197	218
2064513	Northern Territory	-18.730945	133.501865	-26.34522	129.0	-11.11667	138.00373	11026	11027	11088	11301
1327132	Chin State	22.378125	93.3861	20.6857	92.62776	24.07055	94.14444	1271	1271	1272	1279
6697807	Peloponnese	37.263270000000006	22.48872	36.3866	21.55	38.13994	23.42744	3204	3220	3250	3398
6697803	East Macedonia and Thrace	41.056425000000004	25.151025	40.39237	23.69079	41.72048	26.61126	1212	1213	1214	1219
6697802	Crete	35.25806	24.906775	34.82023	23.47272	35.69589	26.34083	4888	4890	4891	5028
2346794	Borno State	11.85327	13.092765	10.00745	11.56886	13.69909	14.61667	3251	3259	3264	3268
2622320	Faroe Islands	61.866665	-6.9747	61.33333	-7.7	62.4	-6.2494	1735	1741	1747	1821
6269131	England	52.844089999999994	-2.150945	49.91318	-6.30189	55.775	2.0	40958	40958	41002	41509
3924825	Rondônia	-10.791665	-62.875	-13.58333	-65.93333	-8.0	-59.81667	1198	1207	1212	1252
2781194	Burgenland	47.468055	16.567500000000003	46.83333	16.0	48.10278	17.135	1014	1015	1017	1076
1337212	Satkhira	22.604999999999997	89.11500000000001	22.33	89.01	22.88	89.22	3	6	7	7
1337158	Kurigram	25.7625	89.695885	25.4	89.56	26.125	89.83177	6	9	10	10
1337174	Tangail	23.548335	89.92750000000001	22.48	89.83	24.61667	90.025	6	8	9	9
909845	Luapula Province	-10.42807	29.377395	-12.43333	28.33812	-8.42281	30.41667	937	956	971	990
909129	Lusaka Province	-15.30418	29.109405000000002	-15.94476	27.80214	-14.6636	30.41667	764	764	766	827
3371199	Erongo	-21.891665	15.00833	-23.63333	13.63333	-20.15	16.38333	361	364	365	384
3371203	Ohangwena	-17.49167	16.79167	-17.76667	15.61667	-17.21667	17.96667	274	274	275	285
3371202	Kunene	-19.025	14.475	-21.06667	11.96667	-16.98333	16.98333	614	616	617	633
3371200	Hardap	-24.216665	17.233335	-25.58333	14.5	-22.85	19.96667	1283	1287	1297	1316
3374084	Barbados	13.186160000000001	-59.533335	13.03899	-59.65	13.33333	-59.41667	258	260	262	727
2634895	Wales	52.4159	-4.170185	51.3818	-5.66927	53.45	-2.6711	4525	4525	4526	4557
3653890	Provincia de Napo	-0.566665	-77.687095	-1.18333	-78.38739	0.05	-76.9868	224	236	244	244
2638360	Scotland	57.7427	-4.668945	54.6354	-8.63789	60.85	-0.7	11678	11678	11680	12421
3931275	Puno	-15.43261	-69.956525	-17.49855	-71.07972	-13.36667	-68.83333	4782	4782	4797	4838
2205272	Central Division	-17.983335	178.266695	-18.46667	177.76672	-17.5	178.76667	1017	1017	1019	1975
3935619	Madre de Dios	-11.882105	-70.566665	-13.33333	-72.45	-10.43088	-68.68333	250	260	267	271
3938526	Ica	-14.218035	-75.574305	-15.46212	-76.46667	-12.97395	-74.68194	3458	3475	3495	3539
355182	South Sinai Governorate	28.807364999999997	33.75573	27.70256	32.61272	29.91217	34.89874	1987	1990	2001	2049
3936452	Lima	-11.77754	-76.707175	-13.31821	-77.91667	-10.23687	-75.49768	10401	10407	10413	10641
3939467	Huancavelica	-13.083335	-75.065865	-14.16667	-75.81667	-12.0	-74.31506	6497	6501	6512	6570
358044	Damietta Governorate	31.362595	31.735125	31.17519	31.47627	31.55	31.99398	394	396	397	401
2081918	Federated States of Micronesia	5.557665	148.78638999999998	1.02629	134.53561	10.08904	163.03717	2601	2601	2602	2602
2083549	Western Province	-7.237805	142.47872999999998	-9.41667	140.95425	-5.05894	144.00321	1369	1378	1393	1439
8010463	Freixo de Espada À Cinta	41.145089999999996	-6.78261	41.08398	-6.82992	41.2062	-6.7353	2	5	7	7
1622470	Viqueque	-8.795135	126.39014	-8.98194	126.05167	-8.60833	126.72861	639	639	640	643
2087246	West Sepik Province	-3.99328	142.041665	-5.38333	141.0	-2.60323	143.08333	1349	1351	1353	1438
2089693	New Ireland Province	-3.08447	151.62098	-4.85031	149.50863	-1.31863	153.73333	1301	1305	1307	1446
2089478	Northern Province	-8.87812	148.108335	-9.75644	146.75	-7.9998	149.46667	910	911	917	973
2089470	Bougainville	-5.11667	156.79393499999998	-6.96667	154.1	-3.26667	159.48787	501	503	508	516
2089856	National Capital District	-9.44065	147.16748	-9.53566	147.05024	-9.34564	147.28472	110	110	111	117
2641364	Northern Ireland	54.666669999999996	-6.758335	54.01667	-8.1	55.31667	-5.41667	1457	1460	1463	1535
1902028	Gyeongsangnam-do	35.203535	128.417825	34.49778	127.57265	35.90929	129.263	8557	8561	8565	8633
1904618	Vientiane Prefecture	18.048209999999997	102.399295	17.81309	101.7	18.28333	103.09859	382	383	385	387
3941583	Cusco	-13.322344999999999	-72.291665	-15.43413	-74.08333	-11.21056	-70.5	5951	5951	5960	6051
3230000	Republika Srpska	43.916065	17.91366	42.56306	16.20844	45.26907	19.61888	23851	23853	23854	23855
3665361	Amazonas	-4.412775	-64.858335	-10.79222	-73.25	1.96667	-56.46667	5938	5942	5955	6072
6413339	Northern Province	-1.6196000000000002	29.88095	-1.9084	29.4862	-1.3308	30.2757	3706	3711	3714	3721
361056	Ismailia Governorate	30.5186	32.18823	30.06114	31.75979	30.97606	32.61667	220	222	229	232
361370	Beheira Governorate	30.840255	30.250555	30.14718	29.60387	31.53333	30.89724	2711	2712	2715	2895
361468	Red Sea Governorate	25.77309	33.73785	21.9998	30.75	29.54638	36.7257	2367	2367	2381	2459
3947018	Ayacucho	-13.72865	-74.05906999999999	-15.54063	-75.12722	-11.91667	-72.99092	8327	8327	8339	8455
3947421	Apurimac	-13.84785	-72.95349999999999	-14.66682	-73.84033	-13.02888	-72.06667	3626	3627	3651	3796
3947319	Arequipa	-15.97916	-72.94379	-17.3	-75.03333	-14.65832	-70.85425	10457	10463	10474	10502
3239101	Bohinj	46.30342	13.931249999999999	46.22861	13.74583	46.37823	14.11667	82	87	89	90
6418540	North Denmark Region	57.15751	9.747865000000001	56.56959	8.22906	57.74543	11.26667	2248	2251	2254	2263
6418542	Region Syddanmark	55.327585	9.483335	54.72181	8.01667	55.93336	10.95	4104	4122	4141	4176
2090468	Morobe Province	-6.650345	146.93248499999999	-8.00069	145.73171	-5.3	148.13326	1586	1598	1606	1646
921780	Mwali	-12.326945	43.75514	-12.40306	43.61639	-12.25083	43.89389	199	202	203	203
2096633	Gulf Province	-7.645115	144.800165	-8.55299	143.067	-6.73724	146.53333	943	947	953	1006
2097853	East New Britain Province	-5.066665	151.556345	-6.03333	150.61667	-4.1	152.49602	869	871	873	1130
3390290	Rio Grande do Norte	-5.880835	-36.75199	-6.945	-38.53731	-4.81667	-34.96667	2403	2403	2409	2479
3392213	Piauí	-6.804165	-43.166665	-10.88333	-45.98333	-2.725	-40.35	5179	5183	5191	5424
3392268	Pernambuco	-6.716665000000001	-36.712175	-9.63333	-41.05768	-3.8	-32.36667	3130	3131	3134	3279
2379384	Gorgol	15.893835000000001	-12.918425	15.19302	-13.82812	16.59465	-12.00873	281	291	295	295
2379216	Guidimaka	15.362355	-12.220904999999998	14.73827	-12.86864	15.98644	-11.57317	296	301	304	304
3393129	Pará	-3.648605	-52.358335	-9.64721	-58.65	2.35	-46.06667	3926	3926	3929	3984
3393098	Paraíba	-7.15833	-36.875	-8.23333	-38.96667	-6.08333	-34.78333	2330	2332	2337	2445
6141242	Saskatchewan	54.500209999999996	-105.687465	49.0	-110.00735	60.00042	-101.36758	11921	11925	11929	12326
3395443	Maranhão	-5.5	-45.11472	-10.05	-48.55	-0.95	-41.67944	3772	3772	3777	3805
2658434	Switzerland	46.788619999999995	8.230025	45.79257	5.96994	47.78467	10.49011	49054	49056	49068	49242
2658370	Ticino	46.21564	8.75863	45.82053	8.38599	46.61075	9.13127	4155	4160	4166	4170
2506994	Annaba	36.8	7.60075	36.58333	7.37684	37.01667	7.82466	160	183	192	208
1085597	Limpopo	-23.726615000000002	29.13777	-25.31537	26.39606	-22.13786	31.87948	12973	12973	12975	13141
1085594	Gauteng	-26.00939	28.214480000000002	-26.90521	27.23881	-25.11357	29.19015	2379	2381	2387	2456
1085593	Eastern Cape	-32.09958	26.490070000000003	-34.2166	22.78714	-29.98256	30.193	17607	17607	17615	17834
2508807	Adrar	25.955965	-1.6875	20.27778	-5.55	31.63415	2.175	1311	1314	1315	1316
378389	Northern	19.25189	28.995475	16.5126	25.1	21.99118	32.89095	1247	1247	1248	1310
931597	Central Region	-13.716875	33.836545	-15.2066	32.71059	-12.22715	34.9625	3332	3333	3337	3986
221525	Obock	12.2498	43.07013499999999	11.79667	42.71048	12.70293	43.42979	1269	1275	1280	1284
220781	Tadjourah	12.035365	42.644585	11.56972	42.07528	12.50101	43.21389	946	947	949	955
8030557	South Eleuthera	24.85714	-76.26419999999999	24.73095	-76.37409	24.98333	-76.15431	25	27	28	28
8030556	South Andros	23.893475000000002	-77.608885	23.57028	-77.88444	24.21667	-77.33333	41	58	78	87
8030554	Rum Cay	23.75	-74.959915	23.63333	-75.11667	23.86667	-74.80316	20	23	27	29
933851	Central District	-21.938139999999997	26.7232	-23.8786	24.31667	-19.99768	29.12973	1762	1788	1809	1812
223889	Dikhil	11.379745	42.257575	10.93418	41.77459	11.82531	42.74056	405	413	417	419
933210	North East District	-20.86707	27.48009	-21.24723	27.25	-20.48691	27.71018	127	130	149	150
2380426	Dakhlet Nouadhibou	20.309025	-16.34353	19.35311	-17.11667	21.26494	-15.57039	85	111	138	138
934090	Rivière du Rempart District	-20.035	57.650414999999995	-20.13611	57.57139	-19.93389	57.72944	98	105	111	113
934153	Port Louis District	-20.161665	57.504725	-20.18583	57.46528	-20.1375	57.54417	48	51	52	53
2383653	Ouham	7.1332699999999996	17.89967	5.70198	16.73098	8.56456	19.06836	704	705	706	707
2381972	Adrar	21.40501	-10.430515	18.7378	-14.48863	24.07222	-6.3724	1133	1134	1139	1140
2385105	Lobaye	4.853955	17.793805	3.72637	17.1117	5.98154	18.47591	32	32	33	33
4829764	Alabama	32.596985000000004	-86.70595	30.18472	-88.4703	35.00925	-84.9416	54755	54755	54763	55813
2666218	Uppsala	60.075	17.83681	59.45	16.72362	60.7	18.95	2403	2403	2413	2975
2945356	Brandenburg	52.388904999999994	13.019985	51.29331	11.27924	53.4845	14.76073	8524	8525	8534	8956
11071619	Bourgogne-Franche-Comté	47.27861	4.98691	46.17389	2.86001	48.38333	7.11381	11640	11642	11643	11719
11071625	Auvergne-Rhône-Alpes	45.455254999999994	4.601785	44.13556	2.03333	46.77495	7.17024	19641	19646	19650	19908
9610704	Kajaani	64.32359	27.657854999999998	64.13355	26.91395	64.51363	28.40176	3	5	6	6
3689982	Amazonas	-2.0805350000000002	-71.9242	-4.21614	-74.38396	0.05507	-69.46444	398	416	427	430
1090052	Zambezi Region	-17.83333	23.20521	-18.18333	21.2	-17.48333	25.21042	374	388	422	474
2239858	Malanje Province	-9.44064	17.058335	-11.51667	15.11667	-7.36461	19.0	6485	6486	6490	6514
234594	Central Region	0.33138500000000004	32.274860000000004	-1.0	31.05	1.66277	33.49972	3800	3803	3805	3984
7303507	Mili Atoll	6.064500000000001	171.944575	5.87539	171.71708	6.25361	172.17207	86	94	96	96
7303499	Enewetak Atoll	11.501495	162.216135	11.32942	162.03838	11.67357	162.39389	67	68	70	70
7303492	Ailinglaplap Atoll	7.4376750000000005	168.75763999999998	7.27648	168.54813	7.59887	168.96715	53	56	57	57
2241660	Cuanza Norte Province	-8.868015	14.92121	-9.7673	14.02933	-7.96873	15.81309	3647	3647	3649	3712
2951839	Bavaria	48.88505	11.395150000000001	47.23333	8.97611	50.53677	13.81419	45900	45900	45913	46828
2240444	Luanda Province	-8.997975	13.305900000000001	-9.33984	12.99374	-8.65611	13.61806	267	273	275	276
8604684	North Kalimantan	2.738455	116.43474	1.10854	114.79448	4.36837	118.075	872	874	875	877
4562487	Adjuntas	18.157040000000002	-66.752955	18.08024	-66.8299	18.23384	-66.67601	110	113	114	117
4562516	Aguas Buenas	18.246760000000002	-66.111975	18.20523	-66.18045	18.28829	-66.0435	53	64	73	75
4562531	Aibonito	18.130235	-66.269615	18.07996	-66.31017	18.18051	-66.22906	54	56	58	59
4562779	Barranquitas	18.186345	-66.300775	18.13357	-66.34972	18.23912	-66.25183	45	48	49	52
677104	Giurgiu	44.129485	25.944969999999998	43.72508	25.48994	44.53389	26.4	301	302	303	323
4566966	Puerto Rico	18.199235	-66.58362	17.88219	-67.94963	18.51628	-65.21761	7710	7713	7716	7878
524894	Moskva	55.720285	37.535325	55.43223	37.15917	56.00834	37.91148	411	414	418	433
2255404	Pool	-3.84389	15.07736	-4.90361	13.945	-2.78417	16.20972	1681	1683	1684	1688
2255329	Sangha	1.25139	15.061390000000001	0.03611	13.16167	2.46667	16.96111	821	821	822	849
3277605	Bosnia and Herzegovina	43.916065	17.683	42.56306	15.74712	45.26907	19.61888	50139	50139	50140	50143
3550595	Las Tunas	20.985979999999998	-77.07404	20.51446	-77.83444	21.4575	-76.31364	1588	1592	1598	1775
3835868	Santiago del Estero Province	-27.741665	-63.42297000000001	-29.88333	-65.21751	-25.6	-61.62843	1671	1674	1683	1689
3834450	Tierra del Fuego Province	-54.18233	-66.208335	-55.06667	-68.56667	-53.29799	-63.85	384	412	435	461
3402362	Ceará	-5.330095	-39.333335000000005	-7.86667	-41.41667	-2.79352	-37.25	6106	6117	6129	6382
3837152	San Juan Province	-30.4	-68.67137	-32.56667	-70.45	-28.23333	-66.89274	1361	1372	1377	1393
3836276	Santa Fe Province	-31.558335	-60.85616	-35.1	-62.72446	-28.01667	-58.98786	2258	2260	2265	2278
3836350	Santa Cruz Province	-49.209795	-69.48542499999999	-52.41667	-73.41708	-46.00292	-65.55377	2839	2845	2855	2869
3838231	Salta Province	-24.17189	-65.41103	-26.33011	-68.48333	-22.01367	-62.33873	2684	2693	2702	2754
3407762	Amapá	1.6566649999999998	-52.158335	-1.12	-54.65	4.43333	-49.66667	521	529	535	542
7602007	Sermersooq	66.341665	-36.85	60.93333	-52.25	71.75	-21.45	1936	1936	1939	1961
2260494	Republic of the Congo	-0.65778	14.908335	-4.99889	11.16667	3.68333	18.65	9797	9797	9798	9932
2541472	Nador	35.0462	-3.111465	34.7765	-3.7744	35.3159	-2.44853	51	52	53	53
2822542	Thuringia	50.942589999999996	11.262	50.22115	9.88701	51.66403	12.63699	6496	6498	6500	6760
3844419	Mendoza Province	-34.815479999999994	-68.516525	-37.58492	-70.53333	-32.04604	-66.49972	2512	2515	2528	2554
3849574	La Pampa Province	-37.16397	-65.826675	-39.32794	-68.26667	-35.0	-63.38668	1050	1059	1065	1075
3848949	La Rioja Province	-29.846905	-67.511225	-31.93521	-69.62394	-27.7586	-65.39851	1405	1410	1413	1424
1252881	West Bengal	24.35963	87.86222000000001	21.50611	85.84068	27.21315	89.88376	4454	4470	4480	4502
5883102	Alberta	54.500125	-115.00153499999999	48.99994	-120.00307	60.00031	-110.0	9813	9814	9815	10325
1253626	Uttar Pradesh	27.14304	80.86917	23.88238	77.11481	30.4037	84.62353	170410	170410	170427	170459
2985244	Provence-Alpes-Côte d'Azur	44.042975	5.879849999999999	42.98433	4.12637	45.10162	7.63333	8664	8670	8685	9005
2988289	Pays de la Loire	47.392195	-0.8931800000000001	46.26772	-2.63992	48.51667	0.85356	5849	5851	5864	5926
1105844	Harare Province	-17.86456	31.08433	-18.04079	30.955	-17.68833	31.21366	189	203	215	215
3573251	Devonshire Parish	32.297635	-64.75930500000001	32.28333	-64.77361	32.31194	-64.745	16	17	20	20
3573195	Hamilton	32.338570000000004	-64.73055500000001	32.32444	-64.76	32.3527	-64.70111	51	51	52	52
3573345	Bermuda	32.319725000000005	-64.762775	32.24667	-64.89222	32.39278	-64.63333	560	569	582	595
3573050	Sandys Parish	32.30292	-64.859725	32.26917	-64.88667	32.33667	-64.83278	91	93	99	100
3573095	Pembroke Parish	32.299975	-64.79708500000001	32.29083	-64.82056	32.30912	-64.77361	53	55	56	56
3573026	Southampton Parish	32.25875	-64.84777500000001	32.24667	-64.87972	32.27083	-64.81583	54	60	68	74
3572972	Warwick Parish	32.27324	-64.814595	32.25472	-64.83725	32.29176	-64.79194	56	57	58	58
3572154	Inagua	21.30356	-73.42369500000001	20.91326	-73.84739	21.69386	-73.0	51	53	54	58
3572005	Long Island	23.266665000000003	-75.08902499999999	22.85	-75.34472	23.68333	-74.83333	97	100	101	112
3575830	Dominica	15.419675	-61.366665	15.2	-61.48333	15.63935	-61.25	186	188	189	363
3575626	Saint John	15.566665	-61.449805	15.5	-61.48333	15.63333	-61.41628	17	19	20	41
3574155	Mayaro	10.272305	-61.09776	10.0824	-61.22885	10.46221	-60.96667	137	137	140	142
2838632	Schleswig-Holstein	54.21843	9.583175	53.36973	7.88329	55.06713	11.28306	7058	7080	7092	8770
3576567	Micoud	13.82394	-60.918645	13.76119	-60.95949	13.88669	-60.8778	65	70	72	73
6324593	Rotuma	-12.501919999999998	177.07389	-12.52287	177.00778	-12.48097	177.14	117	122	134	136
3579938	Saint Andrew	12.109950000000001	-61.649595000000005	12.05	-61.7	12.1699	-61.59919	55	58	59	134
830703	Kymenlaakso	60.74445	27.032015	60.20705	26.0807	61.28185	27.98333	2389	2419	2446	2507
830664	Kainuu	64.606075	28.441670000000002	63.71215	26.36667	65.5	30.51667	4063	4066	4068	4227
1263706	Manipur	24.82785	93.90404	23.85	93.09449	25.8057	94.71359	211	216	218	218
831041	Satakunta	61.59214	22.058335	60.89487	21.16667	62.28941	22.95	2569	2581	2593	2605
1264542	Madhya Pradesh	24.09053	78.45266000000001	21.23654	74.04643	26.94452	82.85889	57716	57717	57761	57798
127082	Khuzestan	31.471415	49.109314999999995	29.89833	47.6853	33.0445	50.53333	9520	9520	9523	9714
128231	Kerman	29.17488	56.7528	26.4755	54.01806	31.87426	59.48754	18540	18540	18543	18770
1822676	Preah Vihear	13.85578	104.938365	13.3081	104.03108	14.40346	105.84565	243	251	258	260
1821992	Svay Rieng	11.214369999999999	105.8791	10.85811	105.59327	11.57063	106.16493	339	343	346	346
3580913	Toledo District	16.28294	-88.634545	15.90964	-89.21909	16.65624	-88.05	388	392	399	406
3580975	Stann Creek District	16.73702	-88.229985	16.36896	-88.67664	17.10508	-87.78333	360	362	363	372
409417	Shirvan	39.79293	49.340895	39.71919	49.3	39.86667	49.38179	3	7	20	20
3582302	Corozal District	18.168875	-88.24736	17.85157	-88.60388	18.48618	-87.89084	209	210	211	211
3582676	Belize District	17.63616	-88.18925	17.08575	-88.6285	18.18657	-87.75	465	481	499	516
2842635	Saarland	49.369730000000004	6.872015	49.1159	6.36568	49.62356	7.37835	1102	1106	1110	1125
2842566	Saxony	50.925865	13.463185	50.18143	11.89742	51.6703	15.02895	8352	8354	8355	8777
2842565	Saxony-Anhalt	51.98263	11.864745	50.94859	10.58333	53.01667	13.14616	5780	5780	5784	5970
3862286	Catamarca Province	-27.54308	-67.013815	-29.88616	-68.96667	-25.2	-65.06096	1506	1517	1526	1535
3861887	Chaco Province	-26.104680000000002	-60.875085	-28.06456	-63.36667	-24.1448	-58.3835	805	812	815	816
3861244	Chubut Province	-43.99864	-67.85442	-45.99815	-72.1228	-41.99913	-63.58604	2204	2208	2213	2220
3430657	Misiones Province	-26.85011	-54.826845	-28.16667	-56.00788	-25.53355	-53.64581	539	542	546	549
3433896	Formosa Province	-24.64022	-59.951125	-26.79711	-62.33333	-22.48333	-57.56892	1294	1301	1309	1310
3435214	Corrientes Province	-28.882805	-57.41496	-30.49518	-59.61325	-27.27043	-55.21667	2092	2094	2114	2118
1271157	Goa	15.34689	73.99688499999999	14.91045	73.68281	15.78333	74.31096	1004	1007	1008	1048
131222	Hormozgan	27.07824	55.900825	25.40318	52.68333	28.7533	59.11832	7519	7531	7544	7601
1278253	Assam	26.11587	92.81173	24.17827	89.75679	28.05347	95.86667	1304	1304	1305	1310
3716952	Sud	18.214165	-73.63225	18.02472	-74.40117	18.40361	-72.86333	1071	1087	1105	1853
3716950	Sud-Est	18.24167	-72.34722	18.06667	-72.99444	18.41667	-71.7	995	999	1005	1451
134766	Fars	29.38296	53.272454999999994	27.10782	50.8383	31.6581	55.70661	15330	15330	15347	15392
3719536	Nord-Ouest	19.85	-73.016665	19.61667	-73.45	20.08333	-72.58333	707	709	711	1054
3719543	Nord	19.575000000000003	-72.32499999999999	19.26667	-72.66667	19.88333	-71.98333	844	848	850	1840
411738	Ash Sharqiyah South	21.480995	59.11054	20.12361	58.38302	22.83838	59.83806	462	471	477	480
139816	Bushehr	28.759574999999998	51.496265	27.30155	50.07583	30.2176	52.9167	2980	2985	2987	2993
1831172	Kampong Cham	12.093689999999999	105.40493000000001	11.73407	104.88518	12.45331	105.92468	460	463	468	470
1831111	Kampot	10.740575	104.31812	10.35849	103.92081	11.12266	104.71543	423	459	478	479
418862	Isfahan	32.5894	52.536195	30.7288	49.63775	34.45	55.43464	11814	11814	11815	11847
3164604	Veneto	45.75461	11.87283	44.82972	10.64451	46.6795	13.10115	12071	12075	12082	12354
290557	United Arab Emirates	24.358335	53.86392	22.66667	51.35	26.05	56.37784	5553	5553	5556	5872
290333	Muharraq Governorate	26.275280000000002	50.598335000000006	26.22139	50.52806	26.32917	50.66861	43	46	47	47
293198	Jerusalem	31.741419999999998	35.070139999999995	31.61128	34.8328	31.87156	35.30748	533	549	576	594
293396	Tel Aviv District	32.097584999999995	34.80448	32.00917	34.7365	32.186	34.87246	900	902	904	926
3165048	Umbria	42.97386	12.642635	42.38224	11.91667	43.56548	13.3686	2722	2723	2730	2807
3165244	Trentino-Alto Adige	46.39534999999999	11.398145	45.69875	10.38046	47.09195	12.41583	4832	4833	4834	5050
3448433	São Paulo	-22.57369	-48.578329999999994	-25.29738	-52.83333	-19.85	-44.32333	12489	12490	12502	12702
3447799	Sergipe	-10.56202	-37.28333	-11.55737	-38.18333	-9.56667	-36.38333	446	451	457	469
3012874	Île-de-France	48.668095	2.470305	48.1284	1.46221	49.20779	3.4784	8779	8779	8783	8942
1283497	Dailekh	28.88394	81.6697	28.6532	81.429	29.11468	81.9104	559	560	561	561
142549	East Azerbaijan	38.113215	46.653265000000005	36.79303	45.10685	39.4334	48.19968	9023	9024	9054	9081
7648907	Alborz	35.959845	50.858335	35.62202	50.25	36.29767	51.46667	1631	1644	1670	1674
145702	Lunda Norte Province	-8.730865	19.60818	-10.4953	17.32008	-6.96643	21.89628	4496	4497	4499	4503
145701	Lunda Sul	-9.905259999999998	20.39716	-11.45	18.4806	-8.36052	22.31372	2522	2522	2524	2525
3728069	Centre	19.0	-71.991665	18.68333	-72.35	19.31667	-71.63333	988	990	991	1606
148155	Jalilabad	39.20368	48.47559	39.02903	48.17008	39.37833	48.7811	165	165	166	166
148724	Zanzibar Urban/West Region	-6.236275	39.228295	-6.37791	39.16622	-6.09464	39.29037	100	100	104	167
148725	Zanzibar North Region	-5.8943650000000005	39.3	-6.06667	39.18333	-5.72206	39.41667	189	191	192	386
2862926	Lower Saxony	52.613290000000006	8.993455	51.31667	6.51667	53.90991	11.47024	17280	17280	17311	18116
1849890	Tottori	35.349225	133.810665	35.09206	133.16183	35.60639	134.4595	328	331	332	337
7090954	Capital Governorate	26.188195	50.581665	26.14306	50.53722	26.23333	50.62611	54	60	67	68
7090973	Central Governorate	26.15	50.491249999999994	26.06667	50.44667	26.23333	50.53583	49	52	56	57
7090972	Southern Governorate	25.899445	50.635835	25.62528	50.45667	26.17361	50.815	87	87	88	90
3451189	Rio de Janeiro	-22.016985	-42.87236	-23.35064	-44.78333	-20.68333	-40.96139	4980	4982	4985	5133
3451133	Rio Grande do Sul	-30.44944	-53.64083	-33.73694	-57.55472	-27.16194	-49.72694	3986	3999	4007	4058
3450387	Santa Catarina	-27.650835	-51.066665	-29.335	-53.78333	-25.96667	-48.35	4422	4422	4423	4458
3455077	Paraná	-24.618025	-51.316665	-26.66667	-54.6	-22.56938	-48.03333	17578	17578	17582	17671
3457153	Minas Gerais	-18.563335000000002	-45.4	-22.86417	-50.93333	-14.2625	-39.86667	8653	8654	8666	8857
3457419	Mato Grosso	-12.692215000000001	-55.79117	-17.97917	-61.28333	-7.40526	-50.29901	2884	2884	2889	2958
3027939	Centre	47.65303	1.57754	46.37417	0.05406	48.93189	3.10102	8305	8307	8317	8383
865538	Guria	41.968755	42.15928	41.8014	41.72722	42.13611	42.59134	178	180	184	184
865537	Kakheti	41.88708	45.769305	41.28833	45.07555	42.48583	46.46306	109	111	112	112
865539	Imereti	42.20646	43.05739	41.87374	42.18266	42.53918	43.93212	302	302	303	306
865541	Mtskheta-Mtianeti	42.224025	44.546495	41.75333	43.93667	42.69472	45.15632	57	58	59	59
2593112	Extremadura	39.20788	-5.941865	37.95	-7.40619	40.46576	-4.47754	2210	2213	2220	2241
1147288	Balkh	36.527615	67.17182	35.68495	66.27988	37.37028	68.06376	1520	1522	1523	1524
715593	Szabolcs-Szatmár-Bereg	48.00799	21.99167	47.60414	21.11667	48.41184	22.86667	1258	1264	1269	2156
719637	Jász-Nagykun-Szolnok	47.225185	20.35	46.7837	19.68333	47.66667	21.01667	625	627	631	1266
719819	Hungary	47.166664999999995	19.490285	45.75	16.1139	48.58333	22.86667	16991	16994	16996	23863
3893623	Coquimbo	-30.68411	-70.78371999999999	-32.28121	-71.72111	-29.08701	-69.84633	2228	2228	2232	2252
3463930	Espírito Santo	-19.608335	-35.364305	-21.3	-41.84528	-17.91667	-28.88333	1409	1409	1412	1484
3462372	Goiás	-16.129305	-49.704145	-19.40861	-53.37496	-12.85	-46.03333	2133	2135	2136	2203
3899537	Antofagasta	-23.437125	-68.891375	-25.92425	-70.74346	-20.95	-67.03929	2860	2860	2866	2883
3899191	Atacama	-27.420105	-70.0997	-29.46667	-71.81667	-25.37354	-68.38273	3550	3553	3567	3587
3039162	Sant Julià de Lòria	42.462334999999996	1.488815	42.43204	1.41656	42.49263	1.56107	399	405	407	408
720293	Hajdú-Bihar	47.45	21.492065	46.95	20.86667	47.95	22.11746	651	651	652	1257
6091732	Nunavut	67.269565	-90.85056	51.41689	-120.57787	83.12224	-61.12325	7540	7540	7544	7662
6091069	Northwest Territories	69.38094000000001	-119.277885	60.00004	-136.6386	78.76184	-101.91717	3968	3971	3972	4024
726051	Varna	43.175	27.804015	42.86667	27.18333	43.48333	28.4247	446	459	477	604
6093943	Ontario	49.133455	-84.75532	41.68338	-95.17809	56.58353	-74.33255	52241	52241	52245	59415
1159456	Sistan and Baluchestan	28.24905	61.005215	25.05	58.74376	31.4481	63.26667	10347	10348	10351	10514
727012	Sofia	42.46862	23.46	41.78724	22.75333	43.15	24.16667	621	632	658	882
728194	Plovdiv	42.180695	24.857075000000002	41.58419	24.39748	42.7772	25.31667	423	441	454	615
2177478	Australian Capital Territory	-35.5192	149.070325	-35.89844	148.75	-35.13996	149.39065	731	768	791	832
3471168	Bahia	-13.41464	-41.86477	-18.26667	-46.36667	-8.56261	-37.36287	7276	7276	7282	7585
3040684	Encamp	42.527415	1.636685	42.49518	1.53843	42.55965	1.73494	263	286	297	301
3474575	Tocantins	-8.91529	-48.358329999999995	-13.1523	-50.68333	-4.67828	-46.03333	1248	1248	1249	1261
3041203	Canillo	42.579409999999996	1.674455	42.53333	1.56958	42.62549	1.77933	652	655	658	662
3049518	Komárom-Esztergom	47.58403	18.399625	47.35139	17.88615	47.81667	18.9131	513	515	517	651
730436	Haskovo	41.758335	25.91667	41.35	25.26667	42.16667	26.56667	396	414	439	597
732771	Burgas	42.458335000000005	27.33333	41.96667	26.63333	42.95	28.03333	791	798	802	933
733192	Blagoevgrad	41.76417	23.475	41.36167	22.86667	42.16667	24.08333	391	398	400	571
