1337161	Naogaon	24.8118	88.94657	24.5332254	88.39342119999999	25.2139492	89.168129	24.63	88.52	25.14	89.02	ADM2	Y	9
1337163	Bogra	24.78333	89.35	24.5480991	88.9654398	25.122906	89.7499751	24.68	89.0417	25.03	89.53089	ADM2	Y	10
1337173	Mymensingh	24.75	90.4	24.2478058	90.08703229999999	25.1973305	90.81951149999999	24.75	90.4	24.76	90.4	ADM2	Y	1
1337178	Dhaka	23.81093	90.36542	23.5268479	90.0116729	24.0427016	90.51000599999999	23.6	90.14	23.94	90.36542	ADM2	Y	4
1337199	Chittagong	22.4875	91.96333	21.8619368	91.3842774	22.9964813	92.2197533	22.0	91.48	22.77167	92.13	ADM2	Y	11
7290548	Cheltenham	51.89813	-2.07522	51.8582669	-2.1430197	51.9388731	-2.0102235	51.87798	-2.11506	51.92469	-2.03908	ADM3	Y	5
3373551	Saint Thomas	13.18333	-59.58333	13.1466249	-59.617723	13.216692	-59.55319399999999	13.15	-59.61667	13.2	-59.55	ADM1	Y	32
3373568	Saint Joseph	13.2	-59.53333	13.169218	-59.575138	13.235171	-59.51017799999999	13.18333	-59.58333	13.22658	-59.5	ADM1	Y	36
3373569	Saint John	13.16667	-59.48333	13.1376361	-59.54018499999999	13.210594	-59.45831699999999	13.15	-59.56667	13.2	-59.4481	ADM1	Y	54
3373572	Saint George	13.13333	-59.53333	13.099258	-59.5823159	13.1815211	-59.50622000000001	13.1	-59.57903	13.16667	-59.51277	ADM1	Y	54
7701527	Sokoto North	13.0656	5.26804	12.9764148	5.167608299999999	13.0880893	5.2881144	13.05772	5.20794	13.0795	5.26804	ADM2	N	11
7701528	Sokoto South	13.01933	5.27969	12.9764148	5.167608299999999	13.0880893	5.2881144	13.01389	5.23028	13.05899	5.27969	ADM2	N	11
8010429	Sever do Vouga	40.73156	-8.35493	40.6367619	-8.4164694	40.7994463	-8.2711455	40.66565	-8.38614	40.78714	-8.30341	ADM2	Y	9
8010427	Ovar	40.89422	-8.61226	40.7957316	-8.695981	40.9761794	-8.523237	40.83787	-8.64966	40.96199	-8.54629	ADM2	Y	8
8010425	Oliveira de Azeméis	40.85078	-8.46945	40.7587645	-8.5508594	40.9374081	-8.3851198	40.78146	-8.52989	40.91645	-8.41026	ADM2	Y	19
8010426	Oliveira do Bairro	40.50977	-8.56374	40.4655045	-8.6307834	40.5639469	-8.4592092	40.48242	-8.60648	40.53668	-8.50504	ADM2	Y	6
8010432	Aljustrel	37.90559	-8.19304	37.7801459	-8.3361243	38.000255	-8.0481859	37.84991	-8.25397	37.95877	-8.09384	ADM2	Y	5
8010433	Almodôvar	37.4959	-8.09372	37.3189633	-8.2757787	37.6312515	-7.8865997	37.37487	-8.21394	37.59578	-7.94049	ADM2	Y	8
8010431	Vale de Cambra	40.845	-8.36022	40.765122	-8.434745699999999	40.9039001	-8.2367636	40.80328	-8.41159	40.8899	-8.27976	ADM2	Y	9
8010438	Cuba	38.21972	-7.92114	38.1059096	-8.0033051	38.305253	-7.8368666	38.14808	-7.95467	38.26246	-7.88994	ADM2	Y	4
8010439	Ferreira do Alentejo	38.09918	-8.17137	37.9647717	-8.4096542	38.22404179999999	-7.9770865	38.03898	-8.32227	38.16518	-8.04025	ADM2	Y	6
8010436	Beja	37.988	-7.87773	37.7764605	-8.083303899999999	38.1625767	-7.6326306	37.85211	-8.0068	38.1063	-7.70635	ADM2	Y	18
8010441	Moura	38.13148	-7.29677	37.9606065	-7.532777200000001	38.331146	-6.986829699999999	38.03457	-7.45435	38.24739	-7.10666	ADM2	Y	8
8010440	Mértola	37.65918	-7.66434	37.4319979	-7.934171900000001	37.8494077	-7.4263534	37.49412	-7.87894	37.75158	-7.48201	ADM2	Y	9
8010474	Covilhã	40.29227	-7.50366	40.1300396	-7.8090448	40.401835	-7.3437765	40.14625	-7.76806	40.37317	-7.37314	ADM2	Y	31
8010473	Castelo Branco	39.88847	-7.51313	39.64084649999999	-7.8507551	40.0836478	-7.1791534	39.72841	-7.71913	40.02844	-7.2556	ADM2	Y	25
8010488	Mira	40.44559	-8.73849	40.3710037	-8.8256765	40.52036469999999	-8.6819746	40.41687	-8.79245	40.47743	-8.69465	ADM2	Y	4
8010482	Cantanhede	40.36354	-8.60549	40.2452986	-8.846326399999999	40.48558269999999	-8.480992	40.26858	-8.78297	40.45106	-8.50739	ADM2	Y	19
8010493	Penacova	40.29999	-8.24784	40.2186148	-8.3896506	40.3708014	-8.1082479	40.24963	-8.34033	40.33753	-8.12799	ADM2	Y	11
8010418	Castelo de Paiva	41.03353	-8.29822	40.9622586	-8.4009229	41.0801546	-8.2299547	41.00039	-8.3791	41.05449	-8.2474	ADM2	Y	9
8010419	Espinho	40.99901	-8.62506	40.9647782	-8.653119199999999	41.02576639999999	-8.5936229	40.97475	-8.6416	41.01702	-8.60366	ADM2	Y	5
8010416	Arouca	40.92658	-8.27251	40.8448464	-8.434171	41.0160608	-8.089172099999999	40.86498	-8.38762	40.98962	-8.14308	ADM2	Y	20
8010417	Aveiro	40.62398	-8.61628	40.5284836	-8.758145899999999	40.7275536	-8.5209648	40.55039	-8.73905	40.69015	-8.54842	ADM2	Y	14
8010423	Mealhada	40.36273	-8.44781	40.2788093	-8.5299534	40.41638	-8.3537575	40.30346	-8.48815	40.40278	-8.39286	ADM2	Y	8
8010424	Murtosa	40.74301	-8.64023	40.7020871	-8.7348518	40.8196334	-8.5937009	40.73726	-8.70028	40.77118	-8.64002	ADM2	Y	4
8010420	Estarreja	40.75463	-8.57917	40.6888038	-8.6671803	40.8337025	-8.5113895	40.70598	-8.62843	40.80659	-8.54377	ADM2	Y	7
8010669	Tarouca	41.02651	-7.74998	40.954253	-7.850653700000001	41.081012	-7.659784699999999	40.98436	-7.82103	41.06519	-7.68198	ADM2	Y	10
8010667	Sernancelhe	40.92097	-7.51226	40.812451	-7.6605845	41.0219793	-7.374209199999998	40.84227	-7.6281	41.00333	-7.41866	ADM2	Y	17
8010668	Tabuaço	41.09555	-7.56735	41.0057013	-7.6402841	41.1741617	-7.4746305	41.03575	-7.62375	41.15821	-7.50303	ADM2	Y	17
8010670	Vila Nova de Paiva	40.8659	-7.76127	40.7649286	-7.868479799999999	40.9478325	-7.6870599	40.80435	-7.83277	40.91028	-7.71788	ADM2	Y	7
8010671	Viseu	40.6745	-7.91721	40.5357324	-8.0915889	40.8425998	-7.7589842	40.56836	-8.06832	40.80124	-7.7808	ADM2	Y	34
8010600	Chamusca	39.299	-8.39933	39.0711325	-8.5805324	39.46378960000001	-8.1725994	39.15081	-8.48149	39.40087	-8.28583	ADM2	Y	7
8010609	Santarém	39.32131	-8.71313	39.1687465	-8.899447499999999	39.4830094	-8.5431227	39.19244	-8.87995	39.44556	-8.56704	ADM2	Y	28
8010607	Rio Maior	39.34288	-8.93806	39.2349098	-9.0015758	39.4660075	-8.7830675	39.25784	-8.94861	39.41945	-8.8084	ADM2	Y	14
8010608	Salvaterra de Magos	39.04482	-8.68903	38.961676	-8.8152147	39.1326257	-8.5752358	38.9999	-8.77009	39.09666	-8.62779	ADM2	Y	6
8010605	Golegã	39.38683	-8.50591	39.3177909	-8.5782924	39.4596553	-8.4345435	39.36183	-8.5334	39.41183	-8.47843	ADM2	Y	2
8010601	Constância	39.45718	-8.30368	39.33732029999999	-8.344522	39.5069995	-8.2407758	39.4042	-8.32713	39.48469	-8.28967	ADM2	Y	3
8010602	Coruche	38.9595	-8.52745	38.7627062	-8.729521	39.1101045	-8.1243103	38.82688	-8.63659	39.06614	-8.27199	ADM2	Y	8
8010611	Tomar	39.6104	-8.39346	39.476606	-8.5125327	39.707775	-8.236405999999999	39.51314	-8.48414	39.68286	-8.29093	ADM2	Y	16
8010619	Grândola	38.18999	-8.61197	38.0234519	-8.9087257	38.4942616	-8.238175499999999	38.10501	-8.8083	38.3696	-8.38131	ADM2	Y	5
8010616	Alcochete	38.73827	-8.97936	38.671371	-9.0310597	38.8261419	-8.810246	38.73229	-9.01568	38.74876	-8.9173	ADM2	Y	3
8010614	Ourém	39.66179	-8.57895	39.535839	-8.7022514	39.8385566	-8.423081999999999	39.59421	-8.65544	39.79496	-8.44378	ADM2	Y	18
8010612	Torres Novas	39.4916	-8.54796	39.3971375	-8.673322299999999	39.6321069	-8.450787499999999	39.41541	-8.61193	39.58978	-8.48499	ADM2	Y	17
8010613	Vila Nova da Barquinha	39.47559	-8.40953	39.4470456	-8.4677473	39.5210058	-8.3270951	39.46624	-8.43709	39.4897	-8.36223	ADM2	Y	5
8010622	Palmela	38.58423	-8.89996	38.51320279999999	-9.0258529	38.7416316	-8.612381	38.5764	-8.97229	38.67012	-8.71175	ADM2	Y	5
8010620	Moita	38.65854	-9.0104	38.6012146	-9.0506251	38.696867	-8.9448854	38.64032	-9.04133	38.68368	-8.97176	ADM2	Y	6
8010625	Setúbal	38.51742	-8.90817	38.4539603	-9.0556241	38.5807011	-8.7342313	38.4897	-9.0042	38.5494	-8.79739	ADM2	Y	8
8010623	Santiago do Cacém	38.02502	-8.67577	37.7493345	-8.825614999999999	38.1269489	-8.2931353	37.82695	-8.77295	38.08577	-8.38039	ADM2	Y	11
8010652	Castro Daire	40.92279	-7.93878	40.7867224	-8.1326073	41.0266205	-7.750080400000001	40.81913	-8.08497	41.00054	-7.78463	ADM2	Y	22
8010659	Oliveira de Frades	40.74639	-8.1752	40.6303819	-8.3335878	40.8039267	-8.129546099999999	40.58387	-8.30912	40.78086	-8.15281	ADM2	Y	12
8010665	São Pedro do Sul	40.80073	-8.09023	40.7292203	-8.2550957	40.9365361	-7.927512399999999	40.74905	-8.20804	40.88713	-7.96778	ADM2	Y	19
8010663	Santa Comba Dão	40.40442	-8.1138	40.3330905	-8.1868181	40.4654224	-8.0450485	40.35414	-8.15347	40.44952	-8.06717	ADM2	Y	9
8010664	São João da Pesqueira	41.11079	-7.43382	40.9993737	-7.555744499999999	41.2146578	-7.304573100000001	41.02328	-7.5096	41.18688	-7.34505	ADM2	Y	14
8010662	Resende	41.07688	-7.95123	40.99929789999999	-8.0275705	41.1505213	-7.850346	41.01831	-8.01149	41.12662	-7.87507	ADM2	Y	15
8010660	Penalva do Castelo	40.66791	-7.66015	40.6241776	-7.783968499999999	40.7264784	-7.5351418	40.63659	-7.75197	40.70049	-7.56323	ADM2	Y	13
8010549	Leiria	39.74644	-8.80623	39.6368745	-8.968165899999999	39.9654263	-8.6233352	39.66467	-8.91665	39.92141	-8.65518	ADM2	Y	29
8010546	Caldas da Rainha	39.41586	-9.13376	39.2914277	-9.2357823	39.5097703	-8.9824956	39.30823	-9.21043	39.48733	-9.00794	ADM2	Y	16
8010555	Pombal	39.90735	-8.66949	39.7768471	-8.9322325	40.045503	-8.4697996	39.80055	-8.8517	40.00273	-8.51256	ADM2	Y	17
8010554	Peniche	39.36166	-9.36869	39.2834588	-9.409499199999999	39.3913479	-9.2564315	39.32495	-9.45158	39.38685	-9.27271	ADM2	Y	6
8010551	Nazaré	39.59965	-9.07162	39.5110419	-9.1154487	39.6501193	-8.9709567	39.55044	-9.0876	39.61227	-9.02847	ADM2	Y	3
8010550	Marinha Grande	39.77681	-8.95005	39.6884848	-9.0402603	39.8906562	-8.868020699999999	39.70966	-8.95414	39.8523	-8.94338	ADM2	Y	3
8010559	Azambuja	39.14559	-8.89045	39.006104	-9.0047113	39.2554674	-8.781861	39.04053	-8.95817	39.21068	-8.83953	ADM2	Y	9
8010557	Alenquer	39.06487	-9.00707	39.0007162	-9.1638915	39.1886763	-8.9186721	39.01617	-9.13194	39.15631	-8.9645	ADM2	Y	16
8010566	Sobral de Monte Agraço	38.99585	-9.17409	38.9478865	-9.2404745	39.035898	-9.0985579	38.97188	-9.20195	39.01347	-9.1474	ADM2	Y	3
8010562	Lourinhã	39.24745	-9.31194	39.1744986	-9.3516072	39.3177286	-9.175863999999999	39.19121	-9.3356	39.29671	-9.21385	ADM2	Y	11
8010560	Cadaval	39.24621	-9.06738	39.1676245	-9.1784404	39.3119872	-8.9752244	39.18671	-9.13414	39.29953	-9.00602	ADM2	Y	10
8010568	Vila Franca de Xira	38.92137	-9.0322	38.7932509	-9.118433999999999	39.0315747	-8.841540799999999	38.85616	-9.08458	38.99675	-8.96442	ADM2	Y	11
8010577	Amarante	41.2705	-8.06503	41.1894414	-8.2163134	41.3751957	-7.8940469	41.21337	-8.1991	41.34485	-7.93069	ADM2	Y	40
8010575	Fronteira	39.07179	-7.61052	38.9906693	-7.7724907	39.1670304	-7.5120672	39.03974	-7.67763	39.10957	-7.56587	ADM2	Y	3
8010576	Sousel	38.96685	-7.71788	38.8957932	-7.914753199999999	39.0223215	-7.539708699999999	38.95593	-7.82801	38.98026	-7.59407	ADM2	Y	4
8010574	Elvas	38.89868	-7.22426	38.7514973	-7.4242326	39.0571868	-7.032858	38.84665	-7.36342	39.00287	-7.0991	ADM2	Y	11
8010572	Avis	39.06448	-7.8956	38.9408276	-8.1520029	39.2185415	-7.696666800000001	38.99827	-8.04298	39.15827	-7.74965	ADM2	Y	8
8010588	Póvoa de Varzim	41.39158	-8.75713	41.3645711	-8.7890625	41.4719713	-8.5906469	41.37596	-8.77824	41.45156	-8.62354	ADM2	Y	12
8010582	Maia	41.24254	-8.60257	41.179632	-8.6941671	41.2953688	-8.5152643	41.19024	-8.67603	41.27942	-8.54162	ADM2	Y	17
8010583	Marco de Canaveses	41.15545	-8.16954	41.0641836	-8.292982799999999	41.25904269999999	-8.041279	41.07809	-8.28408	41.23997	-8.06998	ADM2	Y	31
8010598	Benavente	38.908	-8.76898	38.7314903	-8.968466099999999	39.0319528	-8.652794499999999	38.84106	-8.83623	38.96081	-8.72645	ADM2	Y	4
8010595	Alcanena	39.46746	-8.68831	39.39880369999999	-8.764007699999999	39.5624116	-8.6168516	39.41677	-8.73846	39.53366	-8.64345	ADM2	Y	10
8010596	Almeirim	39.15781	-8.59004	39.0920108	-8.7117893	39.24398190000001	-8.438922	39.13079	-8.66514	39.19049	-8.53174	ADM2	Y	4
8010593	Trofa	41.30646	-8.5764	41.2582991	-8.6344883	41.3478578	-8.5061754	41.28156	-8.61909	41.3306	-8.53708	ADM2	Y	8
8010592	Vila Nova de Gaia	41.13695	-8.62701	41.0093042	-8.6712536	41.1474682	-8.4487405	41.03058	-8.65402	41.14314	-8.4705	ADM2	Y	24
8010590	Valongo	41.20797	-8.50086	41.14076439999999	-8.5707272	41.2690246	-8.439995200000002	41.17043	-8.54891	41.23951	-8.46323	ADM2	Y	5
8010500	Borba	38.81412	-7.46721	38.7130064	-7.564224599999999	38.9268276	-7.391637800000001	38.76437	-7.50739	38.87568	-7.45017	ADM2	Y	4
8010501	Estremoz	38.84996	-7.60117	38.6848644	-7.7999053	39.0084381	-7.452711099999999	38.74158	-7.71699	38.96724	-7.50983	ADM2	Y	13
8010509	Vendas Novas	38.63975	-8.54702	38.5421163	-8.6584678	38.7546045	-8.378262399999999	38.594	-8.60416	38.6855	-8.48988	ADM2	Y	2
8010505	Mourão	38.30754	-7.28384	38.2809386	-7.386947800000001	38.4390797	-7.1711824	38.2411	-7.37797	38.36063	-7.19291	ADM2	N	3
8010502	Évora	38.5665	-7.8946	38.3406813	-8.165740999999999	38.7681961	-7.554935	38.43843	-8.1068	38.71106	-7.63188	ADM2	Y	19
8010511	Vila Viçosa	38.7879	-7.41852	38.6712344	-7.4999934	38.84799830000001	-7.207424	38.72296	-7.45703	38.79011	-7.29618	ADM2	Y	5
8010510	Viana do Alentejo	38.33645	-8.00011	38.2995108	-8.322557999999999	38.481743	-7.908556000000001	38.33645	-8.15701	38.39527	-7.97852	ADM2	Y	3
8010519	Loulé	37.14399	-8.02345	37.0102702	-8.2320077	37.4182581	-7.8782842	37.08514	-8.17077	37.35308	-7.96113	ADM2	Y	11
8010516	Faro	37.05643	-7.92774	36.9617104	-8.006495	37.1457812	-7.8093544	37.00355	-7.96846	37.10933	-7.88255	ADM2	Y	6
8010529	Almeida	40.7307	-6.90594	40.4766802	-7.0518331	40.78342	-6.794014300000001	40.50154	-7.02544	40.76213	-6.82851	ADM2	Y	29
8010533	Guarda	40.5295	-7.24123	40.3806077	-7.467313099999999	40.7009636	-7.0327436	40.40846	-7.40756	40.67773	-7.06664	ADM2	Y	55
8010534	Manteigas	40.40631	-7.50074	40.31127	-7.6129171	40.4615616	-7.4188507	40.35967	-7.55236	40.42415	-7.44024	ADM2	Y	4
8010532	Fornos de Algodres	40.64942	-7.49727	40.557593	-7.5893335	40.7580915	-7.419850999999999	40.57128	-7.55538	40.73596	-7.43392	ADM2	Y	16
8010530	Celorico da Beira	40.61785	-7.38625	40.515184	-7.5112609	40.7092868	-7.2553627	40.543	-7.48972	40.69171	-7.28581	ADM2	Y	22
8010537	Sabugal	40.36992	-7.09305	40.2538989	-7.332555999999999	40.5529949	-6.780960599999999	40.28518	-7.26507	40.51345	-6.81588	ADM2	Y	40
8010538	Seia	40.42203	-7.70245	40.2299187	-7.8492267	40.5355167	-7.583432299999999	40.26048	-7.82175	40.50884	-7.6228	ADM2	Y	29
8010544	Batalha	39.64784	-8.78108	39.55086800000001	-8.8737993	39.6955291	-8.6711356	39.60986	-8.83245	39.68094	-8.70942	ADM2	Y	4
8010542	Alvaiázere	39.81951	-8.38858	39.7308904	-8.4839664	39.9012043	-8.301048999999999	39.77453	-8.45102	39.87072	-8.33489	ADM2	Y	7
8010543	Ansião	39.93424	-8.42045	39.855559	-8.5388121	40.0267271	-8.3347892	39.87827	-8.49358	39.99113	-8.35424	ADM2	Y	8
8010541	Alcobaça	39.55441	-8.98833	39.3848177	-9.1500834	39.7414229	-8.8654295	39.41614	-9.12125	39.69914	-8.89949	ADM2	Y	18
2210245	Tripoli	32.88972	13.18472	32.313699	12.950075	32.9121299	13.876915	32.85462	13.13556	32.90222	13.35056	ADM1	Y	60
3239285	Odranci	46.58674	16.2731	46.56877859999999	16.2506427	46.60165569999999	16.2985609	46.58667	16.2731	46.58674	16.28028	ADM1	N	1
3239280	Kobilje	46.68583	16.39333	46.6584739	16.35282	46.7042549	16.428622	46.68472	16.39333	46.68583	16.39778	ADM1	N	1
1637729	Liquiçá	-8.65	125.31667	-8.7575551	125.093361	-8.563305999999999	125.5270849	-8.75	125.0975	-8.5575	125.49389	ADM1	N	453
7871257	Zaria	10.98854	7.69622	11.0327375	7.615199099999999	11.1802964	7.7666687	10.98854	7.60673	11.09258	7.77734	ADM2	N	13
1790253	Xiaogan	31.17641	113.92243	30.3800033	113.3166796	31.8540316	114.5917201	30.6505	113.58306	31.60943	114.31208	ADM2	N	6
1795563	Shenzhen	22.55653	113.9859	22.4450291	113.7569183	22.8617484	114.627296	22.53806	113.87583	22.6975	114.33528	ADM2	N	5
8030562	Lamwo District	3.55004	32.75057	3.1537259	32.1905479	3.887586	33.3322449	3.37	32.37967	3.76577	33.17768	ADM2	N	1
8030568	Alebtong District	2.26925	33.24234	2.019626	32.960454	2.5056729	33.555888	2.07866	33.03082	2.44803	33.40866	ADM2	N	1
8030566	Agago District	2.92023	33.35336	2.586172	32.792749	3.2994789	33.601856	2.63073	33.04619	3.29134	33.54675	ADM2	N	1
8030567	Otuke District	2.48372	33.34201	2.3321119	32.989326	2.628171	33.6629359	2.37198	33.04529	2.54344	33.57943	ADM2	N	1
933758	Ghanzi District	-22	22	-23.3163677	19.9995351	-20.98912	25.451797	-23.26667	20.06667	-21.41667	24.83333	ADM1	Y	26
933657	Kgalagadi District	-25	22	-26.9072461	19.999615	-23.277603	24.4867379	-26.05	21.71667	-23.4	23.35921	ADM1	Y	16
933654	Kgatleng District	-24.25	26.5	-24.683905	25.880093	-23.5706349	26.9649771	-24.65	25.93333	-23.65712	26.74972	ADM1	Y	147
2664441	Västerås	59.64914	16.56445	59.4510891	16.2229971	59.848773	16.9458588	59.49475	16.33916	59.78593	16.87375	ADM2	Y	11
2667302	Trollhättan	58.21208	12.35033	58.097432	12.0932909	58.34336099999999	12.5952499	58.14602	12.20683	58.29204	12.57653	ADM2	Y	8
2390719	Zou Department	7.25	2.16667	6.9083269	1.634848	7.6493191	2.555015	7.018	1.938	8.01742	2.468	ADM1	Y	15
1651539	Oecusse District	-9.31361	124.29306	-9.504195	124.0417379	-9.1671021	124.4831309	-9.47361	124.05314	-9.16722	124.47605	ADM1	N	451
667869	Satu Mare	47.75	23	47.3439979	22.184227	48.121142	23.6426411	47.37586	22.22924	48.09696	23.57949	ADM1	Y	334
1651815	Aileu	-8.69167	125.6375	-8.850384000000002	125.4551079	-8.559498999999999	125.818058	-8.83833	125.47222	-8.55861	125.81139	ADM1	Y	288
1651809	Ainaro	-9.025	125.525	-9.2324719	125.4256071	-8.756097	125.726574	-9.20444	125.42472	-8.75806	125.69194	ADM1	Y	308
2395504	Atlantique Department	6.66667	2.25	6.2882929	1.953851	7.0136289	2.483183	6.32332	2.021	6.856	2.45719	ADM1	Y	40
1225017	Vavuniya District	8.86134	80.47576	8.6835301	80.42717449999999	8.8204054	80.54395149999999	8.824	80.4572	8.86134	80.47576	ADM2	N	1
1229899	Polonnaruwa District	8	81	7.892033799999999	80.9670067	7.9761928	81.0593505	8.0	81.0	8.1836	81.0387	ADM2	N	1
4562682	Arroyo	18.0008	-66.05794	17.9523783	-66.09520909999999	18.0404719	-66.0197281	17.93636	-66.0835	18.03007	-66.01627	ADM1	Y	57
1232781	Nuwara Eliya District	6.9785	80.7133	6.9128791	80.7401987	6.9898532	80.8216953	6.9102	80.7133	6.9785	80.725	ADM2	N	1
9072903	Xinyu	27.795	114.92417	27.530224	114.4855407	28.1076427	115.4058044	27.795	114.66101	27.86362	115.0	ADM2	N	2
8335119	Ceuta	35.88794	-5.30786	35.8710601	-5.358712499999999	35.906853	-5.27836	35.88682	-5.31738	35.88794	-5.30786	ADM2	N	1
8335120	Melilla	35.29551	-2.94219	35.2694508	-2.9657936	35.3030924	-2.9232595	35.29187	-2.94219	35.29551	-2.9409	ADM2	N	1
2538474	Rabat	33.99111	-6.84006	33.9034913	-6.9227609	34.0348298	-6.791642	33.95537	-6.88756	34.02436	-6.79761	ADM2	N	6
2106552	Malaita Province	-9	161	-9.759221	159.3687899	-5.078295	162.752884	-9.51657	160.56286	-8.33379	161.27727	ADM1	Y	10
2108831	Guadalcanal Province	-9.63333	160.2	-9.949379	159.5840301	-9.2422461	160.8798221	-9.86795	159.58337	-9.25833	160.875	ADM1	Y	28
7601981	Vaitupu	-7.4742	178.67456	-7.494355000000001	178.6574709	-7.448721900000001	178.699432	-7.49579	178.66514	-7.46156	178.69716	ADM1	Y	28
1240722	Kegalle District	7.1167	80.3333	6.823263	80.172742	7.387651900000001	80.5565939	7.0689	80.2186	7.3249	80.4794	ADM2	N	6
2692965	Malmö	55.56512	13.01874	55.49653499999999	12.8811839	55.6458581	13.1510869	55.51329	12.94397	55.61	13.09773	ADM2	Y	16
2696332	Lidingö	59.36468	18.17738	59.322726	18.0897601	59.39440510000001	18.266516	59.36464	18.15725	59.36673	18.18188	ADM2	Y	1
10792451	Durán	-2.22581	-79.77477	-2.2062544	-79.86004489999999	-2.1383866	-79.776068	-2.23026	-79.7824	-2.22581	-79.77477	ADM2	N	1
2697719	Landskrona	55.8862	12.8588	55.8219961	12.661058	55.9683639	13.0692339	55.83994	12.69724	55.94673	13.01592	ADM2	Y	4
7609816	Bonaire	12.2	-68.25	12.024887	-68.4207681	12.3121279	-68.1957611	12.01667	-68.4	12.3	-68.18333	ADM1	Y	239
1802029	Lüliang	37.73563	111.30538	36.7360204	110.3768182	38.7300724	112.3301181	36.96667	110.7629	37.89506	111.99809	ADM2	N	10
7056295	Oyam District	2.38129	32.50071	2.0744189	32.226833	2.623195	32.8237859	2.14055	32.29705	2.58263	32.75414	ADM2	N	1
7056285	Isingiro District	-0.83354	30.87175	-1.0774281	30.4613819	-0.60849	31.2689059	-1.01402	30.5354	-0.6602	31.15997	ADM2	N	2
1251460	Ampara District	7.0833	81.75	6.507645399999999	80.9875129	7.7400679	81.8787029	6.8223	81.3526	7.5764	81.788	ADM2	N	5
8633552	Katsina	13.00564	7.61433	12.934095	7.5706298	13.0357093	7.676266000000001	12.96555	7.57433	13.05021	7.65941	ADM2	N	12
2274688	Nimba County	6.81667	-8.78333	5.8237939	-9.2169951	7.696162999999999	-8.273610099999999	6.00222	-9.1825	7.69083	-8.30528	ADM1	N	738
2276627	Grand Cape Mount County	7.13333	-11.05	6.5771831	-11.486138	7.527846999999999	-10.5165701	6.6	-11.47264	7.51667	-10.51628	ADM1	N	590
3575052	Arima	10.625	-61.27917	10.61387	-61.291173	10.654543	-61.255645	10.625	-61.28333	10.63333	-61.27917	ADM1	Y	2
1699175	Mountain Province	17.08333	121.16667	16.822498	120.770595	17.306318	121.5659461	16.95	120.8166	17.18333	121.46667	ADM2	Y	10
7628337	Jēkabpils	56.50111	25.86917	56.46945220000001	25.8228574	56.5316519	25.933861	56.49608	25.85649	56.5015	25.86917	ADM1	Y	2
2565341	Delta State	5.5	6	5.0243519	5.0	6.5248194	6.7653911	5.01785	4.98642	6.49474	6.74545	ADM1	N	1934
408666	North Darfur	16	25.5	11.7224969	22.75691	20.0064945	27.532602	11.75	22.78445	19.75	27.46667	ADM1	N	1121
2412707	Central River Division	13.58333	-14.91667	13.3105709	-15.4718691	13.8265709	-14.4558631	13.33333	-15.43333	13.81667	-14.46667	ADM1	N	743
1830103	Phnom Penh	11.57489	104.91394	11.4228217	104.7134399	11.7362854	105.0492097	11.4245	104.73027	11.71008	105.02323	ADM1	Y	317
1833276	Gyeongju	35.83333	129.25	35.6427486	128.9701628	36.0797791	129.5244141	35.67769	129.03624	36.00322	129.49791	ADM2	N	22
8659863	Yusufari	13.22046	10.8827	12.739896	10.6988424	13.4354533	11.7233176	13.05033	10.33417	13.29404	11.32371	ADM2	N	10
1838519	Busan	35.13333	129.05	34.8531186	128.7531524	35.3874414	129.3344242	34.88306	128.74889	35.3834	129.30167	ADM1	Y	1639
3872374	San Antonio Province	-33.58333	-71.5	-33.9556781	-71.8407052	-33.25619289999999	-71.3236895	-33.80931	-71.67658	-33.33005	-71.44241	ADM2	Y	6
3876415	Petorca Province	-32.33333	-71	-32.6859567	-71.5422146	-32.0217414	-70.4123517	-32.55487	-71.45473	-32.19034	-70.82435	ADM2	Y	5
2706766	Helsingborg	56.05648	12.78718	55.9225169	12.585678	56.230189	12.9902431	55.86815	12.65141	56.18325	12.93123	ADM2	Y	14
426271	Gitega Province	-3.5	29.95	-3.8496131	29.7153889	-3.06814	30.108491	-3.8379	29.7247	-3.0613	30.0983	ADM1	N	1073
1848649	Yamanashi	35.61667	138.6	35.1683022	138.1801082	35.9719113	139.1345504	35.15	138.3	35.93333	139.11889	ADM1	Y	503
2588491	Margibi County	6.55	-10.31667	6.1364208	-10.647893	6.8118709	-9.7222091	6.1273	-10.64615	6.81142	-9.74901	ADM1	N	395
6355234	Murcia	37.98662	-1.14146	37.3737526	-2.3444114	38.7550852	-0.6479828999999999	37.44703	-2.03481	38.65514	-0.77005	ADM2	Y	45
862995	Tallinn	59.43437	24.76456	59.351809	24.5501939	59.601007	24.9262889	59.37447	24.62338	59.47216	24.86276	ADM2	Y	8
862958	Zrnovci	41.83333	22.45	41.788068	22.354366	41.8693271	22.449074	41.8032	22.37913	41.86909	22.4669	ADM1	N	51
863883	Ohrid	41.13083	20.87028	40.896167	20.64789	41.2503915	21.0400119	40.9024	20.73668	41.25479	21.03033	ADM1	Y	391
863486	Bitola	41.01667	21.31667	40.8600272	21.0735789	41.22279	21.5111541	40.86496	21.08552	41.21972	21.5053	ADM1	Y	840
863873	Kumanovo	42.08944	21.77278	41.943758	21.596871	42.258686	21.985724	41.97142	21.6341	42.25972	21.99129	ADM1	Y	494
1298822	Yangon Region	17	96.16667	16.207897	95.6916281	17.762027	96.85305009999999	16.32422	95.70642	17.72683	96.8354	ADM1	Y	1844
2593120	River Gee County	5.31667	-7.8	4.8041949	-8.3282451	5.6097129	-7.365113	4.83691	-8.27111	5.56667	-7.48333	ADM1	N	183
2593119	Gbarpolu County	7.36667	-10.31667	6.8290719	-10.9533111	7.998692	-9.6365091	6.85	-10.88018	7.9162	-9.69083	ADM1	N	258
2595347	Gombe State	10.25	11.16667	9.5828709	10.5320629	11.3379409	11.9429519	9.55	10.50878	11.2754	11.8	ADM1	N	638
2597273	Kouffo Department	7.08333	1.83333	6.664442999999999	1.557832	7.497909899999999	2.086982	6.81667	1.68333	7.08333	1.88333	ADM1	Y	7
2597277	Plateau Department	7.16667	2.58333	6.5454279	2.4065919	7.6579461	2.799681	6.66667	2.58333	7.45	2.71667	ADM1	Y	8
8520891	Eastern Administrative Okrug	55.78533	37.7346	55.694831	37.6498477	56.0108901	37.9452781	55.71363	37.68311	55.825	37.88824	ADM2	N	16
3187213	Vrhnika	45.9614	14.29265	45.8571063	14.1886156	46.0310041	14.4205661	45.88167	14.195	46.01361	14.36389	ADM1	Y	28
3189074	Velenje	46.36667	15.13333	46.3047511	14.8816056	46.4560516	15.2058323	46.32603	15.075	46.40917	15.19205	ADM1	Y	30
3189077	Podgorica	42.5	19.33333	42.1819189	18.969537	42.724813	19.6549031	42.35939	19.22611	42.5	19.33333	ADM1	Y	3
3033789	Territoire de Belfort	47.63578	6.88843	47.433383	6.756256	47.82511299999999	7.143381	47.44528	6.77306	47.7657	7.11306	ADM2	Y	1
598318	Kaunas	54.89816	23.90659	54.82033	23.7561773	54.9596199	24.0995007	54.89793	23.89815	54.89816	23.90659	ADM2	N	1
443360	Nebbi District	2.46732	31.26293	2.1760854	31.01264	2.777325	31.5289239	2.21498	31.04455	2.72495	31.5022	ADM2	N	2
443327	Apac District	1.902	32.6	1.6512999	32.0999988	2.2224279	32.951397	1.63804	32.20206	2.19021	32.83685	ADM2	N	2
443338	Kalangala District	-0.57478	32.38108	-0.7396623	32.0535545	-0.1647479	32.616546	-0.77192	32.13262	-0.21931	32.63088	ADM2	N	2
1153670	Chiang Mai Province	18.75	99	17.242483	98.0079446	20.1475011	99.5715955	17.28956	98.00923	20.12022	99.55961	ADM1	N	8619
448221	Nakapiripirit District	1.90718	34.59601	1.5485549	34.208762	2.4274089	34.8332409	1.69936	34.39844	2.26093	34.84554	ADM2	N	2
3192240	Ptuj	46.43417	15.87667	46.2543957	15.6649214	46.55269759999999	16.0776121	46.40318	15.81083	46.48333	15.93472	ADM1	Y	17
3191679	Ribnica	45.73738	14.71605	45.5813591	14.5375037	45.8210332	14.819218	45.65111	14.59653	45.81688	14.81778	ADM1	Y	69
3190535	Slovenj Gradec	46.48861	15.08361	46.3865794	14.9533631	46.566153	15.3282435	46.42944	14.96667	46.55	15.16953	ADM1	Y	37
3194647	Murska Sobota	46.65139	16.16056	46.5539864	15.9847297	46.876659	16.3798656	46.61889	16.11972	46.68564	16.20417	ADM1	Y	19
3192672	Postojna	45.78556	14.17083	45.6207758	14.0423713	45.879101	14.4365567	45.71139	14.05833	45.84861	14.27861	ADM1	Y	59
3196288	Logatec	45.92139	14.19583	45.8469981	14.0979427	46.0377403	14.3020619	45.86028	14.11361	46.02481	14.27491	ADM1	Y	26
3196306	Ljutomer	46.51347	16.144	46.4662381	16.0116123	46.6076978	16.3147292	46.47343	16.01167	46.56667	16.2382	ADM1	Y	51
3195505	Maribor	46.55611	15.64306	46.4086274	15.5169924	46.6342958	15.8177822	46.51444	15.55278	46.62321	15.75719	ADM1	Y	67
3195213	Metlika	45.65645	15.31075	45.5713597	15.2055806	45.726961	15.4066067	45.58333	15.22171	45.7148	15.39308	ADM1	Y	63
3198646	Jesenice	46.45253	14.07245	46.3688632	13.6774197	46.5234642	14.2375616	46.41023	14.01778	46.47361	14.13333	ADM1	Y	19
3198364	Kamnik	46.24406	14.66721	46.1719742	14.5005596	46.36769710000001	14.9282187	46.19188	14.53596	46.36667	14.89111	ADM1	Y	120
1717055	Compostela	7.68333	126.11667	7.077611	125.674365	7.9994319	126.2988501	7.52818	126.11667	7.68333	126.1728	ADM2	Y	1
3197377	Kranj	46.24691	14.35646	46.1578127	14.1638444	46.4271851	14.5738196	46.16667	14.21667	46.34645	14.41667	ADM1	Y	58
3474570	Asunción	-25.28207	-57.63539	-25.3601799	-57.67664	-25.215094	-57.52811699999999	-25.34659	-57.63934	-25.28207	-57.63539	ADM1	Y	3
3199130	Ilirska Bistrica	45.5675	14.29056	45.46876	14.0905422	45.6852613	14.5024047	45.48556	14.08519	45.66613	14.46333	ADM1	Y	85
3199169	Idrija	46	14	45.8785492	13.8551017	46.1929548	14.1459541	45.89084	13.86611	46.06667	14.13194	ADM1	Y	58
3199296	Hrastnik	46.13333	15.09972	46.0860703	15.0577757	46.1839515	15.1889296	46.1	15.06901	46.16667	15.16079	ADM1	Y	19
3199522	Grosuplje	45.93639	14.66528	45.7265798	14.5846731	46.015324	14.9249369	45.88481	14.59156	46.00774	14.73583	ADM1	Y	75
3042034	Triesenberg	47.12663	9.55962	47.07815	9.53047	47.1663401	9.6356501	47.08014	9.53179	47.16343	9.63352	ADM1	Y	343
6930638	Portalegre	39.2974	-7.41538	39.146235	-7.558492699999999	39.39865899999999	-7.231471599999999	39.2143	-7.52747	39.36615	-7.29408	ADM2	Y	10
6930673	Gavião	39.44462	-7.89532	39.3340556	-8.0088943	39.5650858	-7.745448700000001	39.38061	-7.94313	39.52124	-7.8204	ADM2	Y	5
6930676	Ponte de Sor	39.21441	-8.0542	38.9782159	-8.3438699	39.3846003	-7.824360700000001	39.09564	-8.24609	39.33715	-7.91144	ADM2	Y	7
6930331	Loures	38.83024	-9.13343	38.7748053	-9.246001	38.9409137	-9.0687556	38.78005	-9.20972	38.90936	-9.08858	ADM2	Y	18
6930703	Cascades Region	10.38	-4.5	9.594069	-5.518916	11.0630681	-3.677724	9.7	-5.46667	11.00717	-3.72581	ADM1	Y	429
2029669	Ömnögovi Province	43	104	41.567638	99.389793	45.188183	108.0334849	41.61667	99.45	45.15	107.98333	ADM1	N	438
2304116	Ashanti Region	6.75	-1.5	5.853753999999999	-2.451715	7.621659999999999	-0.222413	5.99348	-2.16667	7.4	-0.88604	ADM1	Y	51
2739186	Fundão	40.12412	-7.49542	39.9776587	-7.8172826	40.272355	-7.251902599999999	40.02739	-7.77923	40.25515	-7.28884	ADM2	Y	31
454311	Ventspils	57.40611	21.60167	57.34809389999999	21.5157259	57.47072199999999	21.6736649	57.35781	21.5246	57.463	21.65761	ADM1	Y	32
7521943	Point Fortin	10.184	-61.68197	10.1410869	-61.7073835	10.2047981	-61.6349639	10.15264	-61.71201	10.20407	-61.63799	ADM1	N	12
456203	Rēzekne	56.51028	27.34	56.4775499	27.3038497	56.53846009999999	27.379451	56.5	27.31555	56.52011	27.34583	ADM1	Y	4
457955	Liepāja	56.54194	21.03667	56.464691	20.971237	56.6091999	21.1057335	56.5	20.99951	56.58333	21.1	ADM1	N	17
7801987	Sundarijal	27.78073	85.42793	27.7519875	85.386343	27.8181265	85.47088629999999	27.7582	85.4017	27.7991	85.4549	ADM4	N	9
7801673	Kohalpur	28.17777	81.70299	28.120136	81.630907	28.3149595	81.8273735	28.1319	81.671	28.2488	81.7561	ADM4	N	9
459281	Jelgava	56.65111	23.71639	56.596751	23.623268	56.6916349	23.8002769	56.62833	23.66722	56.68667	23.77944	ADM1	Y	10
459202	Jūrmala	56.95198	23.69531	56.923886	23.47297	57.007044	23.9693479	56.92848	23.48921	56.99484	23.94426	ADM1	Y	64
1725260	Biliran	11.48333	124.48333	11.463108	124.255882	11.815609	124.619644	11.46959	124.47845	11.48333	124.48333	ADM2	Y	1
2033369	Yingkou	40.63897	122.24762	39.9204095	121.9414925	40.9404037	122.9992251	40.29	122.146	40.68329	122.50475	ADM2	N	6
3333193	Sheffield	53.41667	-1.5	53.3045504	-1.6639592	53.4868827	-1.3349529	53.41667	-1.65386	53.47432	-1.47707	ADM2	N	3
3333174	Newcastle upon Tyne	55	-1.66667	54.9597408	-1.7810817	55.0453044	-1.5328013	54.99737	-1.70663	55.05902	-1.61734	ADM2	N	6
3333180	Peterborough	52.58333	-0.25	52.5060949	-0.4976634	52.6752139	-0.0127697	52.55315	-0.47341	52.66778	-0.10174	ADM2	Y	28
3333169	Manchester	53.41667	-2.25	53.3272977	-2.7305208	53.6857188	-1.9096223	53.35796	-2.28619	53.41667	-2.25	ADM2	Y	1
3333139	Coventry	52.41667	-1.5	52.3639107	-1.6058852	52.4634723	-1.4239508	52.41667	-1.58084	52.45365	-1.5	ADM2	N	2
3333241	Cardiff	51.5	-3.16667	51.3745553	-3.3437202	51.5604336	-3.0689023	51.42726	-3.30052	51.5459	-3.09635	ADM2	Y	32
3333244	Monmouthshire	51.75	-2.83333	51.5172156	-3.1573445	51.9831361	-2.649806	51.56132	-3.11355	51.91994	-2.67698	ADM2	Y	33
3333246	Newport	51.58333	-3	51.4943086	-3.1241126	51.6494198	-2.8030747	51.52785	-3.092	51.63213	-2.82865	ADM2	Y	29
3333211	Trafford	53.41667	-2.33333	53.35740819999999	-2.4779009	53.4802074	-2.2530396	53.3928	-2.44333	53.42535	-2.33333	ADM2	N	4
3333209	Telford and Wrekin	52.75	-2.5	52.6145437	-2.6673647	52.8283724	-2.3122116	52.63529	-2.60552	52.80053	-2.34892	ADM2	Y	28
460414	Daugavpils	55.88139	26.53889	55.836144	26.438294	55.955541	26.6361371	55.85	26.5	55.90222	26.54502	ADM1	Y	13
7530939	Płock	52.53542	19.71497	52.4737442	19.624188	52.59706809999999	19.8059041	52.5354	19.7149	52.53542	19.71497	ADM2	Y	1
7530942	Słupsk	54.4606	17.02787	54.42279019999999	16.9511949	54.4984131	17.1050763	54.4605	17.0278	54.4606	17.02787	ADM2	Y	1
7530940	Siedlce	52.16175	22.27575	52.1274696	22.2207208	52.1958223	22.332724	52.1617	22.2757	52.16175	22.27575	ADM2	Y	1
7530953	Żory	50.03896	18.6884	49.996299	18.6020288	50.0813571	18.776218	50.0389	18.6884	50.03896	18.6892	ADM2	Y	1
7530986	Bytom	50.36521	18.8763	50.3166378	18.7883618	50.4135476	18.9649573	50.3652	18.8763	50.36521	18.8763	ADM2	Y	1
7530982	Radom	51.41724	21.15613	51.3486449	21.0493592	51.4814862	21.2585886	51.4172	21.1561	51.41724	21.15613	ADM2	Y	1
7530983	Koszalin	54.20719	16.21661	54.1374471	16.1100708	54.2769933	16.3239339	54.2071	16.2166	54.20719	16.21661	ADM2	Y	1
7530984	Tychy	50.1265	19.0084	50.0785199	18.9256509	50.1757713	19.0910077	50.1264	19.0083	50.1265	19.0084	ADM2	Y	1
7530993	Leszno	51.84408	16.57593	51.80667709999999	16.5272701	51.881439	16.6239259	51.844	16.5759	51.84408	16.57593	ADM2	Y	1
7530990	Olsztyn	53.77657	20.46657	53.7230797	20.3653558	53.82894169999999	20.5660418	53.7765	20.4665	53.77657	20.46657	ADM2	Y	1
7530991	Zielona Góra	51.93768	15.51216	51.888703	15.4381793	51.9867939	15.585374	51.9376	15.5121	51.93768	15.51216	ADM2	N	1
7530992	Świętochłowice	50.29796	18.91022	50.27083409999999	18.8828955	50.32477429999999	18.936312	50.2979	18.9102	50.29796	18.91022	ADM2	Y	1
7530964	Częstochowa	50.80964	19.12217	50.7293083	19.0104358	50.889333	19.2351065	50.8096	19.1221	50.80964	19.12217	ADM2	Y	1
7530965	Piekary Śląskie	50.38094	18.92841	50.3305827	18.9148086	50.4209964	19.0411893	50.3805	18.92653	50.38094	18.92841	ADM2	Y	1
7530966	Włocławek	52.66538	19.06083	52.594676	18.937535	52.736467	19.1806421	52.6653	19.0608	52.66538	19.06083	ADM2	Y	1
7530967	Chorzów	50.28849	18.96283	50.2390432	18.9192347	50.3378399	19.0069138	50.2884	18.9628	50.28849	18.96283	ADM2	Y	1
7530962	Kielce	50.85419	20.61557	50.79329629999999	20.5104146	50.9147837	20.7208681	50.8541	20.6155	50.85419	20.61557	ADM2	Y	1
7530963	Konin	52.25622	18.26219	52.1822806	18.1923234	52.3286959	18.3324159	52.2562	18.2621	52.25622	18.26219	ADM2	Y	1
7530968	Legnica	51.20473	16.15834	51.1603912	16.0875623	51.2489915	16.2330988	51.2047	16.1583	51.20473	16.15834	ADM2	Y	1
7530969	Grudziądz	53.47246	18.77849	53.4207959	18.6945624	53.5250681	18.8707562	53.47246	18.75538	53.48233	18.77849	ADM2	Y	1
7530975	Sosnowiec	50.27119	19.19463	50.225614	19.0717961	50.3171831	19.3179559	50.2711	19.1946	50.27119	19.19463	ADM2	Y	1
7530976	Krosno	49.68925	21.75302	49.64658009999999	21.6921313	49.7327295	21.8113959	49.6892	21.753	49.68925	21.75302	ADM2	Y	1
7530974	Ostrołęka	53.07785	21.58906	53.0434227	21.5357874	53.11130319999999	21.6424378	53.0778	21.589	53.07785	21.58906	ADM2	Y	1
7530970	Lublin	51.21819	22.56391	51.1397334	22.4540091	51.2964846	22.6735312	51.2181	22.5639	51.21819	22.56391	ADM2	Y	1
7530792	Katowice	50.21414	19.00798	50.1300272	18.8914664	50.2973176	19.122919	50.2141	19.0079	50.21414	19.00798	ADM2	Y	1
7530790	Rybnik	50.11082	18.54926	50.03540659999999	18.4417364	50.1838315	18.6567983	50.1108	18.5492	50.11082	18.54926	ADM2	Y	1
7530772	Białystok	53.12744	23.15649	53.0666992	23.0649605	53.1885513	23.2471711	53.12744	23.11352	53.16386	23.19669	ADM2	Y	1
7530744	Gorzów Wielkopolski	52.73056	15.21711	52.6845128	15.1236655	52.77814300000001	15.3128055	52.7305	15.2171	52.73056	15.21711	ADM2	N	1
7530745	Piotrków Trybunalski	51.41295	19.71662	51.37296389999999	19.622871	51.45292999999999	19.8103543	51.4129	19.7166	51.41295	19.71662	ADM2	N	1
7530746	Dąbrowa Górnicza	50.37103	19.32131	50.2915548	19.1552295	50.4477806	19.4942862	50.371	19.3213	50.37103	19.32131	ADM2	Y	1
7530749	Świnoujście	53.8502	14.31313	53.76368300000001	14.185101	53.9315572	14.4406541	53.8502	14.3131	53.8502	14.31313	ADM2	Y	1
7530729	Chełm	51.13558	23.48971	51.1032703	23.420034	51.16789619999999	23.5593773	51.1355	23.4897	51.13558	23.48971	ADM2	Y	1
7530730	Zamość	50.7214	23.24852	50.6924001	23.190234	50.7503649	23.3067911	50.7213	23.2485	50.7214	23.24852	ADM2	Y	1
7530818	Opole	50.65622	17.93066	50.5872782	17.8283188	50.7249448	18.0330543	50.6562	17.9306	50.65622	17.93066	ADM2	Y	1
7530819	Rzeszów	50.00545	21.98848	49.9325869	21.8827237	50.078273	22.0941863	50.0054	21.9884	50.00545	21.98848	ADM2	Y	1
7530817	Jaworzno	50.18914	19.30133	50.122782	19.1608498	50.2609912	19.4416729	50.1891	19.3013	50.18914	19.30133	ADM2	Y	1
7530801	Wrocław	51.1081	17.03859	51.04268219999999	16.8073801	51.2114735	17.1763479	51.07845	16.92822	51.14559	17.08112	ADM2	N	1
7530813	Toruń	53.01449	18.60145	52.9612365	18.4622103	53.0655486	18.7408869	53.0144	18.6014	53.01449	18.60145	ADM2	Y	1
7530858	Poznań	52.40063	16.90154	52.29191609999999	16.7316723	52.509141	17.0716593	52.40063	16.90154	52.40619	16.92341	ADM2	Y	1
7530863	Kalisz	51.74725	18.07606	51.7006782	17.9963248	51.7936859	18.1577838	51.7472	18.076	51.74725	18.07606	ADM2	Y	1
7530839	Tarnobrzeg	50.58385	21.69874	50.5129169	21.6015154	50.65523899999999	21.7961309	50.57364	21.6816	50.58385	21.69874	ADM2	Y	1
7530840	Szczecin	53.4297	14.62422	53.3217326	14.4431137	53.53765989999999	14.8061335	53.4296	14.6242	53.4297	14.62422	ADM2	Y	1
7530857	Gliwice	50.30116	18.64983	50.2272469	18.5445885	50.37523239999999	18.7546441	50.3011	18.6498	50.30116	18.64983	ADM2	Y	1
740263	Samsun	41.25	36.33333	40.836805	34.87468399999999	41.737117	37.1748679	40.85437	34.89147	41.73306	37.11667	ADM1	Y	1360
7531591	Białystok	53.12744	23.15649	53.0666992	23.0649605	53.1885513	23.2471711	53.12744	23.11352	53.16386	23.19669	ADM3	Y	2
7531292	Wrocław	51.10773	17.03533	51.04268219999999	16.8073801	51.2114736	17.1763478	51.07845	16.92822	51.14559	17.08112	ADM3	Y	5
7531002	Gdańsk	54.36112	18.68976	54.27495589999999	18.4287748	54.44721879999999	18.9512795	54.3611	18.6897	54.36112	18.68976	ADM2	Y	1
7531083	Elbląg	54.19882	19.43443	54.1343691	19.3593701	54.26322769999999	19.5100232	54.1988	19.4344	54.19882	19.43443	ADM2	Y	1
314829	Gaziantep	37.08333	37.33333	36.703884	36.44428389999999	37.518827	38.08512	36.72083	36.45194	37.51364	38.0376	ADM1	Y	1477
2322907	Sokoto State	13.08333	5.25	11.524984	4.1275749	13.8920069	6.7645749	11.60753	4.14213	13.87722	6.7294	ADM1	N	1981
2326168	Ondo State	7.16667	5.08333	5.8452509	4.352727000000001	7.772438999999999	6.028476	5.96058	4.40068	7.7899	5.96022	ADM1	N	864
2325190	Oyo State	8	4	7.047162900000001	2.6758149	9.185243999999999	4.5567718	7.08333	2.71667	9.1	4.55	ADM1	N	2999
2328925	Niger State	10	6	8.1911639	3.5841719	11.349765	7.343896	8.26667	3.61832	11.3057	7.32525	ADM1	N	3776
3344934	Velika Polana	46.57861	16.35667	46.55340229999999	16.3215055	46.5874722	16.3761693	46.57194	16.34694	46.58667	16.35667	ADM1	N	2
3344935	Lendava	46.5575	16.45694	46.4621192	16.2383069	46.7042549	16.6107039	46.49009	16.34254	46.62889	16.5408	ADM1	Y	26
3344936	Dobrovnik	46.65056	16.35194	46.6121896	16.3092206	46.6754684	16.374843	46.64139	16.32556	46.65944	16.37639	ADM1	N	3
3344901	Trzin	46.12527	14.55256	46.1095535	14.520235	46.145734	14.5830211	46.11506	14.53333	46.13333	14.56762	ADM1	N	6
7116056	Carregal do Sal	40.45007	-7.99819	40.3805809	-8.0685269	40.5380703	-7.9031019	40.40218	-8.0407	40.51354	-7.954	ADM2	Y	7
323784	Ankara	39.92063	32.85403	38.6699421	30.8342	40.76059	33.887455	38.75	30.85955	40.68333	33.87891	ADM1	Y	2128
8132747	Hedemora	60.27764	15.99172	60.16487000000001	15.796256	60.3722891	16.190038	60.26244	15.92085	60.31031	16.20811	ADM3	Y	2
8132743	Säter	60.34536	15.74652	60.20422989999999	15.4836299	60.410951	15.847059	60.30891	15.47811	60.34536	15.74652	ADM3	Y	2
8132723	Orsa	61.12	14.61427	61.0461179	14.2122001	61.64162709999999	15.1400221	61.12	14.61427	61.31815	14.71621	ADM3	Y	1
8132725	Idre	61.85663	12.72571	61.68168989999999	12.1335278	62.2597991	13.0320189	61.85663	12.61972	61.97035	12.72571	ADM3	Y	1
8132726	Särna	61.69396	13.14008	61.39408	12.2752499	62.08098399999999	13.686813	61.65076	13.00383	61.69396	13.14008	ADM3	Y	1
8132712	Nås	60.45258	14.49324	60.21030500000001	14.1947391	60.601786	14.654924	60.36293	14.45274	60.45258	14.49324	ADM3	Y	1
8132715	Gagnef	60.58987	15.05944	60.36177199999999	14.7747811	60.6359961	15.290442	60.50787	15.05487	60.58987	15.05944	ADM3	Y	1
8132719	Siljansnäs	60.78333	14.86667	60.589004	14.5262299	60.8127491	14.9834779	60.75244	14.71634	60.78333	14.86667	ADM3	Y	1
8132722	Rättvik	60.89085	15.09646	60.7945021	15.0280601	61.217394	15.6567292	60.89085	15.09646	60.97321	15.32528	ADM3	Y	1
8132707	Vimmerby	57.66574	15.85792	57.4745551	15.416049	57.83802790000001	16.3476139	57.62266	15.85792	57.66574	15.86231	ADM3	Y	1
8132789	Jokkmokk	66.60504	19.84129	66.1121841	17.1340871	67.322411	20.4336552	66.60504	18.64961	66.8978	19.84129	ADM3	Y	1
8132781	Ljungby	56.83428	13.93517	56.809782	13.8987431	56.8565669	13.9836381	56.83428	13.93209	56.83952	13.93517	ADM3	N	1
8132787	Arvidsjaur	65.59554	19.16713	65.3242199	18.2422831	65.99914389999999	20.2716569	65.59554	19.16713	65.68406	19.25874	ADM3	Y	1
8132761	Alvesta	56.90082	14.56698	56.80216009999999	14.438216	57.0030319	14.698808	56.88287	14.5011	56.96529	14.56698	ADM3	Y	2
8132867	Mjölby	58.32609	15.13101	58.07025799999999	14.9659551	58.37618989999999	15.394112	58.30596	15.09541	58.34785	15.15006	ADM3	Y	2
8132863	Motala	58.53536	15.03869	58.406857	14.7825651	58.767166	15.2842119	58.53536	14.90709	58.56457	15.03869	ADM3	Y	1
8132833	Kisa	57.98985	15.62924	57.80652310000001	15.2772819	58.10848600000001	15.8211049	57.98985	15.55035	57.99047	15.62924	ADM3	Y	1
8132824	Kumla	59.12118	15.15498	59.057373	14.953669	59.1867349	15.3573491	59.12118	15.14581	59.12776	15.15498	ADM3	Y	1
8132826	Karlskoga	59.32578	14.52192	59.2131871	14.2736109	59.55740909999999	14.781697	59.32578	14.52192	59.37749	14.56611	ADM3	Y	1
8132807	Karesuando	68.44173	22.48189	67.9764969	20.0522572	69.06297409999999	23.3819702	68.44173	21.62504	68.44315	22.48189	ADM3	Y	1
8132495	Bollnäs	61.34562	16.38967	61.10415399999999	15.9122281	61.458885	16.6042709	61.22761	16.26527	61.34562	16.38967	ADM3	Y	1
8132481	Hedesunda	60.379	17.01902	60.260262	16.8068999	60.50022790000001	17.290655	60.379	17.01902	60.40283	17.04756	ADM3	Y	1
8132503	Nykil	58.23151	15.49366	58.1638201	15.4026431	58.3353309	15.5734138	58.23151	15.39476	58.27757	15.49366	ADM3	Y	2
8132594	Hammerdal	63.59499	15.36442	63.32575000000001	14.9146937	63.80363699999999	16.033762	63.5851	15.36442	63.59499	15.4644	ADM3	Y	1
8132563	Veddige	57.26482	12.33035	57.1820981	12.2359509	57.34794290000001	12.5584859	57.20933	12.23328	57.29651	12.6835	ADM3	Y	6
8132606	Hede	62.4178	13.51728	62.158359	12.7794501	62.715683	13.849622	62.4178	13.316	62.49285	13.84556	ADM3	Y	2
8132612	Lit	63.31769	14.81496	63.16800310000001	14.5240439	63.57775909999999	15.4450442	63.20687	14.81496	63.45121	15.0046	ADM3	Y	3
8132677	Mönsterås	57.04288	16.44632	56.96151	16.2913239	57.143542	16.6491729	57.04288	16.44632	57.0673	16.5526	ADM3	Y	1
8132659	Vetlanda	57.43099	15.07437	57.33569099999999	14.8305351	57.5408801	15.369122	57.43099	15.07437	57.4565	15.0814	ADM3	Y	1
8132660	Eksjö	57.66727	14.97174	57.4969789	14.7890102	57.777193	15.3398519	57.66727	14.97174	57.69415	14.98372	ADM3	Y	1
8132646	Värnamo	57.18395	14.04864	57.017005	13.8336939	57.328888	14.3530161	57.18395	14.04864	57.20548	14.06259	ADM3	Y	1
8132652	Korsberga	57.30687	15.12376	57.1596639	14.8451941	57.347756	15.328739	57.2254	15.07921	57.30687	15.28362	ADM3	Y	3
8132997	Vilhelmina	64.62971	16.64566	64.315082	15.4845052	65.25506299999999	17.7315661	64.62971	16.00661	64.93607	16.64566	ADM3	Y	1
8132984	Säffle	59.13175	12.92038	58.785515	12.6150391	59.27638209999999	13.4606662	59.09477	12.91591	59.13175	12.92038	ADM3	Y	1
8132973	Glava	59.55659	12.56169	59.397057	12.2957127	59.61842900000001	12.7252779	59.50321	12.49094	59.55659	12.56169	ADM3	Y	1
8132974	Gunnarskog	59.81667	12.56667	59.7533415	12.4009371	60.081427	12.689233	59.81667	12.53431	60.05806	12.59517	ADM3	Y	2
8132950	Munkfors	59.83549	13.53857	59.79928199999999	13.4111019	59.8963159	13.688624	59.82158	13.47891	59.83549	13.53857	ADM3	Y	1
8132953	Grums	59.36667	13.08306	59.326209	12.8891331	59.52922	13.1723342	59.36667	13.06668	59.42745	13.08306	ADM3	Y	1
8132359	Tidaholm	58.18719	13.94902	58.0256801	13.701559	58.2646111	14.12696	58.18719	13.94902	58.19316	14.03528	ADM3	Y	2
8132303	Bjärred	55.71578	13.02535	55.70599869999999	12.9988045	55.7411004	13.0484451	55.71578	13.02535	55.73909	13.08859	ADM3	N	3
8132471	Ovanåker	61.36386	15.9005	61.29945309999999	15.2170981	61.624122	15.900992	61.36386	15.4645	61.45352	15.9005	ADM3	N	2
8132467	Ockelbo	60.88733	16.71615	60.757604	16.483787	61.0399831	17.0097221	60.88733	16.56813	60.91559	16.71615	ADM3	Y	1
8132468	Hofors	60.5515	16.28785	60.4562389	16.134371	60.6322251	16.4573359	60.49127	16.28785	60.5515	16.41853	ADM3	Y	1
8132017	Falköping	58.16571	13.56803	57.996396	13.34481	58.2938079	13.825364	58.12543	13.53847	58.16571	13.56803	ADM3	Y	2
8132098	Alingsås	57.91372	12.53442	57.7928401	12.3760749	58.0869811	12.817512	57.91372	12.53442	57.97451	12.61883	ADM3	Y	3
8132108	Mariestad	58.71261	13.8413	58.5502451	13.5122252	58.82336199999999	14.0379059	58.68814	13.6475	58.87504	13.8413	ADM3	Y	3
8132105	Åmål	59.05046	12.69132	58.93335099999999	12.396578	59.171449	12.8325692	58.93461	12.49475	59.12668	12.69132	ADM3	Y	4
8132174	Sjöbo	55.63135	13.70622	55.540349	13.5703622	55.7494491	13.8197519	55.6215	13.63223	55.64673	13.70622	ADM3	Y	3
8132157	Sigtuna	59.61901	17.70858	59.58209699999999	17.570239	59.705302	17.7772401	59.61901	17.63392	59.67125	17.73738	ADM3	Y	4
8132207	Södra Sandby	55.72533	13.34772	55.67543509999999	13.262164	55.7543849	13.5267801	55.69842	13.30351	55.72533	13.45651	ADM3	Y	3
8132216	Eslöv	55.83651	13.31527	55.7575071	13.1836811	55.9331551	13.5163121	55.75982	13.23438	55.83821	13.41921	ADM3	Y	9
8131807	Enköping	59.64001	17.08636	59.37703399999999	16.8344949	59.74947	17.4578122	59.64001	17.07003	59.66419	17.08636	ADM3	Y	2
8131876	Laholm	56.51931	13.05466	56.358878	12.9394061	56.67279509999999	13.310768	56.49903	13.03616	56.51931	13.05466	ADM3	Y	2
8131631	Filipstad	59.69235	14.18633	59.55441700000001	13.7525332	59.898093	14.419703	59.69235	14.16956	59.76313	14.18633	ADM3	Y	2
8131621	Söderköping	58.48428	16.32122	58.31734789999999	16.0517332	58.53006000000001	17.085727	58.31994	16.28243	58.48428	16.63057	ADM3	Y	6
8131607	Gislaved	57.3044	13.54078	57.214206	13.354194	57.4082749	13.6140389	57.3044	13.52668	57.33834	13.54078	ADM3	Y	1
8131685	Mullsjö	57.9171	13.87831	57.8230519	13.6430078	57.98291090000001	13.953394	57.86743	13.80867	58.01693	13.9006	ADM3	Y	3
8131676	Ängelholm	56.24647	12.85728	56.1331511	12.729716	56.33900689999999	13.0172858	56.24647	12.85728	56.2634	12.89605	ADM3	Y	2
8131790	Burseryd	57.21704	13.27365	57.135528	13.1058169	57.3124289	13.390364	57.17225	13.17274	57.21704	13.27365	ADM3	Y	2
2485920	Oran	35.66667	-0.5	35.31461	-1.058303	35.9147001	-0.0895259	35.35352	-1.13126	35.90726	-0.11167	ADM1	Y	349
8133120	Örkelljunga	56.27956	13.27875	56.189615	13.0986261	56.387787	13.4140539	56.27956	13.27875	56.3077	13.31649	ADM3	Y	1
8133126	Svedala	55.50952	13.24501	55.4709959	13.1184	55.5633699	13.404037	55.49196	13.12893	55.52244	13.36707	ADM3	Y	4
8133114	Sorunda	59.00887	17.81381	58.85065410000001	17.6869049	59.0843111	17.92117	59.00848	17.81227	59.00887	17.81381	ADM3	Y	1
8133174	Öckerö	57.70827	11.64503	57.6996741	11.6138409	57.73208089999999	11.670424	57.70827	11.61787	57.73697	11.64503	ADM3	Y	1
8133270	Kareby	57.91035	11.91204	57.88364300000001	11.8636469	57.939473	11.998261	57.91035	11.91204	57.91218	11.93393	ADM3	Y	1
8133264	Styrsö	57.61647	11.78338	57.5919141	11.6834269	57.63134789999999	11.8116759	57.5932	11.72861	57.61647	11.78338	ADM3	Y	1
8133263	Rödbo	57.85628	11.99434	57.80904799999999	11.8976149	57.863055	12.0127781	57.83911	11.97651	57.85628	11.99434	ADM3	N	1
8133265	Torslanda	57.72504	11.76903	57.67868	11.6958099	57.794853	11.876929	57.70424	11.74395	57.72504	11.76903	ADM3	Y	1
8133268	Lindome	57.57748	12.1093	57.538277	11.9929468	57.63020410000001	12.282793	57.57748	12.1093	57.58922	12.14031	ADM3	Y	1
8133252	Götene	58.53109	13.50108	58.45779590000001	13.35528	58.6752499	13.704716	58.50232	13.50108	58.56995	13.60852	ADM3	Y	4
8133233	Kinna	57.50831	12.69611	57.49009299999999	12.5977808	57.55568390000001	12.8212009	57.50831	12.68691	57.53497	12.69611	ADM3	Y	1
8133236	Holsljunga	57.41987	12.9615	57.3548221	12.8360609	57.495586	13.058597	57.40668	12.95228	57.41987	12.9615	ADM3	Y	1
8133219	Tranemo	57.48756	13.347	57.385247	13.2825921	57.5436139	13.51913	57.48756	13.347	57.49345	13.35016	ADM3	Y	1
8133293	Kinnarumma	57.5939	12.87156	57.561484	12.8166461	57.640452	12.99079	57.5939	12.87156	57.61704	12.91018	ADM3	Y	1
8133305	Järpås	58.37656	12.97766	58.3156129	12.908258	58.413704	13.101249	58.34433	12.90812	58.40311	12.99744	ADM3	Y	3
8133048	Sollefteå	63.16228	17.28443	63.0295209	16.980076	63.3903221	17.6889909	63.13536	17.2465	63.16228	17.28443	ADM3	Y	1
8133030	Stöde	62.41558	16.58069	62.21203009999999	16.3632041	62.63389599999999	16.9974361	62.39393	16.58069	62.41558	16.60442	ADM3	Y	1
8133024	Liden	62.69966	16.80101	62.5353241	16.3686642	62.953345	17.084873	62.69966	16.80101	62.80118	16.82035	ADM3	Y	1
8133011	Timrå	62.47607	17.31585	62.43798510000001	17.2061349	62.542625	17.377954	62.47607	17.31585	62.51173	17.32124	ADM3	Y	1
8133002	Lycksele	64.59847	18.676	64.2380622	17.2406871	64.973741	19.3046167	64.18979	18.42263	64.69889	18.84606	ADM3	Y	2
8133092	Boo	59.33601	18.28891	59.295305	18.2174742	59.3637312	18.3694259	59.30943	18.28891	59.33601	18.29915	ADM3	N	1
8133095	Lidingö	59.36673	18.15725	59.33671299999999	18.0900011	59.40231000000001	18.2949041	59.36464	18.15725	59.36673	18.18188	ADM3	Y	1
8133084	Bro	59.50603	17.62688	59.4270721	17.439004	59.652219	17.7741649	59.48124	17.55652	59.60665	17.67538	ADM3	Y	4
8133085	Täby	59.49067	18.0568	59.41195999999999	17.9816188	59.509224	18.148051	59.46563	18.0568	59.49067	18.0711	ADM3	Y	1
8133074	Vallentuna	59.53132	18.07405	59.482125	17.9598829	59.684603	18.3989068	59.53132	18.04576	59.63326	18.15497	ADM3	Y	4
8133078	Ekerö	59.27245	17.74841	59.250225	17.5788629	59.3520601	17.8656319	59.27245	17.70474	59.29782	17.74841	ADM3	Y	1
8133055	Örnsköldsvik	63.29389	18.71212	63.27479589999999	18.5139029	63.50824300000001	18.7831549	63.29061	18.71212	63.29389	18.7257	ADM3	Y	1
1312604	Magway Region	20.5	94.75	18.805567	93.8959119	22.74766	95.85814599999999	18.83182	94.00007	22.73262	95.78333	ADM1	Y	3233
2334797	Katsina State	12.25	7.5	11.1035819	6.87331	13.339568	8.975409899999999	11.1394	6.85694	13.32394	8.98105	ADM1	N	1761
1319539	Kayah State	19.25	97.5	18.4917349	96.833956	19.9939339	97.88789399999999	18.52219	96.83639	19.9828	97.87212	ADM1	Y	1124
2335196	Kano State	11.5	8.5	10.5418799	7.684885	12.58074	9.355389899999999	10.60781	7.68842	12.57565	9.35	ADM1	N	1482
3203104	Budva	42.3	18.84139	42.16776309999999	18.7998761	42.358809	19.010729	42.2675	18.84	42.3	18.89333	ADM1	Y	2
3202780	Celje	46.25	15.27028	46.1631081	15.1866462	46.39003109999999	15.3788537	46.19817	15.22201	46.31917	15.34592	ADM1	Y	46
3202707	Cerknica	45.8	14.36667	45.5796949	14.2518962	45.8942314	14.5787575	45.72278	14.28846	45.88778	14.4943	ADM1	Y	72
8299729	Luqa	35.85972	14.48333	35.8280086	14.4576	35.87547199999999	14.5139693	35.84194	14.47722	35.8725	14.50056	ADM1	N	12
8299731	Marsaskala	35.86056	14.55917	35.8452937	14.5438296	35.8777323	14.5765028	35.84556	14.54972	35.87611	14.58111	ADM1	N	40
8299704	Birżebbuġa	35.82222	14.52278	35.8062364	14.4982777	35.8415419	14.546734	35.80694	14.50667	35.84139	14.55	ADM1	N	59
8299706	Dingli	35.85972	14.38333	35.8459608	14.3599169	35.8726379	14.3980764	35.85	14.36194	35.86861	14.39694	ADM1	N	76
8299710	Għajnsielem	36.02667	14.28611	36.0038469	14.2698562	36.0345247	14.3508894	36.01465	14.27056	36.03444	14.33571	ADM1	N	44
8299700	Attard	35.89167	14.43194	35.8811399	14.4089985	35.9019826	14.4581043	35.88278	14.41167	35.90083	14.45278	ADM1	N	43
1477362	Sylhet Division	24.5	91.66667	23.97757	90.93542579999999	25.2041646	92.494232	24.09791	91.21	25.12	92.38	ADM1	Y	16
6690154	Kraków	50.07262	19.9325	49.9674054	19.7922485	50.1261259	20.2174976	50.0469	19.9325	50.07262	20.0048	ADM2	Y	1
1321702	Kachin State	26	97.5	23.641569	95.8360589	28.543259	98.78279099999999	23.64367	95.88438	28.31667	98.71808	ADM1	N	4220
617754	Nisporeni	47.08333	28.16667	46.915736	27.942241	47.263426	28.3291679	46.93747	27.99724	47.22273	28.46064	ADM1	Y	44
617639	Orhei	47.41667	28.83333	47.185229	28.4943909	47.6343279	29.1227539	47.24993	28.50889	47.57417	29.09404	ADM1	Y	94
7280679	Dushanbe	38.5577	68.77974	38.4651488	68.68489269999999	38.6574988	68.87826919999999	38.46613	68.77874	38.57335	68.80533	ADM1	N	6
7280289	Kaohsiung	22.63429	120.36621	20.5170001	116.6665	23.4717267	121.0490147	20.69992	116.72759	23.4709	121.02667	ADM1	Y	2815
2347468	Bauchi State	10.5	10	9.493829	8.693517	12.504828	11.072811	9.46667	8.72696	12.4853	11.0741	ADM1	N	1408
6547294	Casablanca	33.5884	-7.55785	33.4952789	-7.716502900000001	33.6486014	-7.458275800000001	33.53715	-7.67285	33.65561	-7.45414	ADM2	N	17
1484846	Andijan	40.75	72.33333	40.40123699999999	71.507767	41.15963	73.1322709	40.43299	71.38765	41.04488	73.13423	ADM1	Y	792
3333195	Solihull	52.41667	-1.75	52.3477246	-1.8720418	52.5144313	-1.592774	52.36372	-1.84607	52.50698	-1.63504	351.63395986076216
3333194	Slough	51.5	-0.56667	51.4610122	-0.6824522000000001	51.588408	-0.4895842	51.48168	-0.63428	51.53505	-0.51969	189.28052748008372
3333198	South Gloucestershire	51.5	-2.41667	51.4159043	-2.7106954	51.6823936	-2.2521124	51.43516	-2.65429	51.66322	-2.2752	942.3596677476372
3333170	Medway	51.41667	0.5	51.32789649999999	0.3973173	51.5040156	0.7389454999999999	51.35469	0.42702	51.47874	0.70334	464.8515208500278
3333175	North East Lincolnshire	53.53333	-0.08333	53.4335754	-0.2921103	53.6401915	0.0303056	53.45287	-0.26655	53.61232	-0.01549	490.7015016820101
3333173	Milton Keynes	52.08333	-0.75	51.9692194	-0.8873704	52.19632319999999	-0.5918296	51.98207	-0.84972	52.17943	-0.6098	511.2719099996174
3333172	Middlesbrough	54.53333	-1.2	54.328259	-1.2989843	54.62999379999999	-1.0213521	54.51705	-1.25172	54.53333	-1.16639	604.001737970448
3333177	North Somerset	51.33333	-2.83333	51.2906185	-3.1153294	51.5026811	-2.5872009	51.30587	-3.00498	51.48203	-2.62477	865.9843438678424
3333176	North Lincolnshire	53.58333	-0.5	53.4550434	-0.9500055000000001	53.72446009999999	-0.2004026	53.47582	-0.91805	53.70811	-0.25172	1486.864710316195
3333186	Redcar and Cleveland	54.55	-1	54.48783479999999	-1.2017289	54.6479756	-0.7884143	54.52557	-1.07738	54.58528	-0.85827	475.3739113587164
3333183	Portsmouth	50.8	-1.06667	50.7501624	-1.1749682	50.8593091	-1.0184922	50.78304	-1.09262	50.8	-1.06667	133.60668700076374
3333189	Rotherham	53.41667	-1.25	53.30157699999999	-1.4567183	53.5153755	-1.1151405	53.31973	-1.40933	53.49195	-1.15749	539.6058497202241
3333152	Hartlepool	54.66667	-1.25	54.621444	-1.3909667	54.75938499999999	-1.1575481	54.63271	-1.32443	54.70869	-1.19289	230.49376320943526
3333158	Kent	51.16667	0.66667	50.9105199	0.0335197	51.48227240000001	1.4517685	51.01567	0.18239	51.4502	1.40897	6321.669644168428
3333162	Knowsley	53.41667	-2.83333	53.3466351	-2.9225682	53.503907	-2.7433955	53.36434	-2.84335	53.44594	-2.766	207.99218782214317
3333161	Kirklees	53.58333	-1.75	53.51974	-2.009472	53.7648355	-1.5708524	53.56699	-1.86003	53.6739	-1.64974	790.2744615260937
3333131	Bradford	53.83333	-1.83333	53.7243251	-2.061248200000001	53.963151	-1.6403242	53.77942	-1.98794	53.93731	-1.7422	735.4187206473463
3333130	Bracknell Forest	51.41667	-0.75	51.3319361	-0.8373663	51.4687317	-0.6305698	51.35028	-0.78636	51.4407	-0.68484	218.54022541262808
3333133	Brighton and Hove	50.83333	-0.13333	50.7985131	-0.2450771	50.892374	-0.0160306	50.81417	-0.13333	50.83333	-0.05501	168.00769682041496
3333137	Calderdale	53.7	-2	53.6153123	-2.1732938	53.8256212	-1.727223	53.65432	-2.10147	53.78433	-1.97177	688.0730922647202
3333141	Darlington	54.53333	-1.53333	54.4408042	-1.8847892	54.6205719	-1.4035909	54.46375	-1.69816	54.59797	-1.43919	621.9955047215581
3333143	Doncaster	53.5	-1.08333	53.3766276	-1.3405703	53.6838772	-0.7505968	53.43697	-1.31595	53.64526	-0.92887	1337.029765329848
3333123	Bath and North East Somerset	51.33333	-2.5	51.2731011	-2.7078884	51.4395359	-2.2785436	51.28934	-2.68411	51.428	-2.29608	552.7422299898341
3333122	Barnsley	53.53333	-1.5	53.4382793	-1.82259	53.6127994	-1.2757524	53.47487	-1.7519	53.59278	-1.34812	702.8972301214353
3333126	Blackburn with Darwen	53.66667	-2.46667	53.6165679	-2.5647704	53.7818044	-2.3626429	53.65648	-2.54397	53.74156	-2.43034	244.95830486119894
11153077	San-Pédro	4.76768	-6.65033	4.461427200000001	-7.377319300000001	5.5121075	-6.3555909	4.76768	-7.33333	5.0	-6.65033	13232.991208528132
11153060	Savanes	9.48829	-5.49419	8.5461139	-6.9397169	10.736642	-3.781528999999999	8.61667	-6.94048	10.70029	-3.8388	84587.54096283241
11153061	Vallée du Bandama	8.25011	-4.85458	7.222045	-5.787452	9.3980309	-3.90265	7.24626	-5.76382	9.44176	-3.97643	50307.436735383286
3333234	Perth and Kinross	56.5	-3.75	56.1324367	-4.7204447	56.9486332	-3.0339905	56.25	-3.75	56.5	-3.41667	9484.142599544646
3333238	Blaenau Gwent	51.75	-3.16667	51.6812847	-3.3100856	51.8254832	-3.1060076	51.70135	-3.2601	51.80447	-3.13168	225.60212208611097
3333237	West Dunbartonshire	55.96667	-4.53333	55.8891513	-4.6599081	56.0842335	-4.3754897	55.96667	-4.58333	56.0	-4.53333	384.72437743475433
3333236	South Lanarkshire	55.58333	-3.83333	55.2907676	-4.2825719	55.8444391	-3.396407	55.58333	-3.83333	55.58333	-3.83333	3454.302310995044
3333235	South Ayrshire	55.25	-4.66667	54.9976443	-5.124726600000001	55.6018707	-4.3988596	55.25	-4.66667	55.5	-4.5	3110.581229455141
3333245	Neath Port Talbot	51.66667	-3.75	51.5271637	-3.9363169	51.81033739999999	-3.56187	51.5629	-3.87792	51.78848	-3.62173	815.6488331401583
3333242	Conwy	53.08333	-3.75	52.9493563	-4.0313318	53.3431422	-3.4545729	52.99312	-3.9711	53.31569	-3.50728	1691.9799674063902
3333247	Rhondda Cynon Taf	51.66667	-3.5	51.4990391	-3.5936874	51.830124	-3.2362804	51.51716	-3.55459	51.77303	-3.26134	910.8160308027012
3333217	West Berkshire	51.41667	-1.25	51.3289786	-1.5880881	51.5637111	-0.9817454999999999	51.34354	-1.53186	51.5427	-0.99959	1099.5989089639256
3333216	Warrington	53.41667	-2.58333	53.2815259	-2.6978804	53.4976614	-2.4486811	53.33484	-2.67237	53.45669	-2.4709	398.1615470717852
3333221	Wokingham	51.41667	-0.91667	51.35207	-1.0119052	51.56208179999999	-0.7888565	51.37193	-0.96136	51.54386	-0.81275	361.716788461733
11153163	Cavally	6.56343	-7.92526	5.637331	-8.5993019	6.967223	-6.971871999999999	5.87559	-8.41667	6.56343	-7.45452	26630.722864507195
11153167	Marahoué	7.03252	-5.80215	6.474551	-6.4365789	7.743432100000001	-5.4057449	6.5	-6.5	7.5	-5.75	16069.44027072893
11153166	Haut-Sassandra	6.66961	-6.50116	6.2390881	-7.0862301	7.791552	-5.9337941	6.66961	-6.86414	7.41667	-6.5	21990.152163659674
11153174	Worodougou	8.16482	-6.66595	7.626987000000001	-7.2327379	9.213116099999999	-5.3440999	8.16482	-6.75	8.5	-6.60725	36711.118357395586
3333205	Sunderland	54.88333	-1.41667	54.7990491	-1.5688793	54.9441711	-1.3456649	54.81931	-1.45861	54.88333	-1.40189	230.87864402269315
3333203	Stockton-on-Tees	54.55	-1.33333	54.4641441	-1.4526299	54.6452745	-1.1535482	54.48057	-1.42466	54.624	-1.23676	389.30108653025036
3338529	Escaldes-Engordany	42.5	1.56667	42.4499626	1.5219494	42.5239178	1.6633965	42.46131	1.52053	42.51993	1.66086	95.43568210327118
3337531	Zagreb County	45.75	16.08333	45.4676982	15.3262593	46.0695047	16.7137865	45.48333	15.36667	46.04361	16.7	7240.586502067817
7533608	Eastern	22.27722	114.22519	22.2564131	114.1895111	22.294839	114.257475	22.26718	114.22519	22.27722	114.24051	29.88462572768546
7533609	Southern	22.25801	114.15308	22.194121	114.116201	22.2848509	114.2613181	22.21772	114.13374	22.25801	114.2296	150.73268014170685
7533617	North	22.49471	114.13812	22.4628761	114.078589	22.561969	114.2277081	22.49471	114.13812	22.49487	114.13949	168.8408524640895
7533618	Sha Tin	22.38715	114.19534	22.344542	114.1410379	22.4374769	114.276663	22.37286	114.17897	22.42006	114.24079	144.14195284277864
7533615	Kwai Tsing	22.35288	114.10004	22.324998	114.078964	22.3818291	114.147722	22.35	114.1	22.35288	114.10004	44.69322203634328
7533616	Tuen Mun	22.39161	113.96792	22.3551579	113.9014361	22.435652	114.126407	22.37198	113.91572	22.41672	113.97157	207.07552893728854
7533613	Wong Tai Sin	22.34299	114.19302	22.332257	114.1536679	22.3726529	114.2211739	22.33496	114.18333	22.35	114.20862	31.18813693700097
7533611	Sham Shui Po	22.32989	114.1625	22.313718	114.121388	22.3487011	114.17684	22.32989	114.14031	22.3369	114.16799	22.189267961101194
7533612	Kowloon City	22.32866	114.19121	22.297197	114.161308	22.346688	114.2173499	22.29917	114.1663	22.32888	114.19121	31.72911231178678
7533610	Yau Tsim Mong	22.32105	114.17261	22.292885	114.15424	22.326978	114.1809621	22.32105	114.1726	22.32138	114.17261	10.42240748591485
7533607	Wan Chai	22.27702	114.17232	22.259661	114.1664101	22.28822	114.1980559	22.25712	114.17151	22.28142	114.19297	10.341760678004185
8989934	Alderney	49.71677	-2.19851	49.7013753	-2.2343906	49.7323662	-2.1599001	49.70442	-2.22215	49.71677	-2.19851	18.461027171725036
2199295	Northern Division	-16.5	179.5	-17.1145919	178.2716609	-15.7137239	-179.1472779	-19.16667	-179.98333	-15.73333	180.0	42725.9858222834
9143475	Yalinga	7.37284	23.58519	6.2661577	22.4670411	9.0912486	24.6203612	6.78	23.55556	7.37284	23.58519	74766.70295197736
3348303	Huila Province	-14.69531	15.00014	-16.3515149	13.2254381	-13.364136	16.753408	-16.3	13.23616	-13.4	16.66878	125039.85238372504
3348310	Huambo	-12.5	15.66667	-13.7617769	14.778369	-11.45647	16.5970539	-13.66667	14.8	-11.46558	16.597	50350.69507392831
3347016	Namibe Province	-15.33207	12.66002	-17.2692131	11.6733618	-13.5195969	13.684139	-17.26667	11.70154	-13.58333	13.61667	89019.6627221053
1185286	Barisal	22.8	90.5	21.7301615	89.8594281	23.0715591	91.0169219	22.55	90.14	22.97	90.53333	17833.302136181963
2762300	Vorarlberg	47.25	9.91667	46.84081	9.5309099	47.59621	10.23689	46.8441	9.5442	47.59472	10.21292	4510.3642804998135
2761523	Wels-Land	48.1166	13.96637	48.00233	13.7536299	48.25547	14.17236	48.04389	13.78109	48.22364	14.12583	876.9112624557328
8411069	Nakhchivan	39.2	45.41667	38.834507	44.7719149	39.8058699	46.150932	39.1847	45.37732	39.2286	45.44184	12901.26784627869
5944369	Durham	44.20012	-78.99957	43.520641	-79.327997	44.5167599	-78.324079	43.99482	-79.18289	44.20012	-78.67486	8965.828234526636
6251999	Canada	60.10867	-113.64258	41.6765559	-141.00187	83.6381	-50.9766	41.68338	-141.00542	83.12224	-52.44805	3.3088712493698843E7
6101646	Peterborough County	44.55012	-78.24953	44.0832801	-78.6549059	44.914618	-77.7273719	44.16682	-78.44954	44.73342	-77.91621	6848.5507404621
2493455	Illizi	26.83333	8.16667	23.0151409	5.8658301	30.1144791	11.979548	23.16071	5.93981	30.08333	11.55	493900.005206018
2497406	El Oued	33.16667	7.25	31.7482531	5.192999899999999	34.4963679	9.173357099999999	31.77917	5.28668	34.45502	9.11472	115003.14616010779
6690363	Guadeloupe	16.25011	-61.58369	15.742032	-61.8468	16.5572273	-60.9473	15.85	-61.79419	16.47206	-61.03333	8726.297611174972
6690364	Guadeloupe	16.24988	-61.58365	15.742032	-61.8468	16.5572273	-60.9473	15.85	-61.78333	16.46667	-61.03333	8726.297611174972
614540	Georgia	41.99998	43.4999	41.054942	39.9792001	43.586627	46.7361189	41.16758	40.02947	43.5826	46.46306	159454.6386656922
6691320	Nord-du-Québec	51.962	-74.8961	48.926529	-79.77947379999999	62.600852	-63.3197871	49.03883	-77.72341	52.33866	-74.24359	1824853.4627883679
2774321	Klagenfurt am Wörthersee	46.63333	14.3	46.57443	14.21025	46.70822	14.41526	46.63333	14.2973	46.63873	14.3	233.1231707470433
2498541	El Bayadh	32.5	1.16667	30.7070011	-0.484149	34.4375501	2.384171	30.71731	-0.37694	34.40977	2.36313	113749.84058981531
6697801	Central Macedonia	40.91351	22.84058	39.9075655	21.7041979	41.40670009999999	24.367647	39.91627	21.73333	41.39588	24.10569	37868.64714400303
6697800	Central Greece	38.35243	23.13995	37.9311267	21.3743805	39.273223	24.685908	37.93371	21.3855	39.24331	24.68308	43340.97263510976
6697804	Epirus	39.23651	20.71472	38.9444034	20.0086771	40.3766028	21.4299492	38.94858	20.01918	40.35274	21.42406	19574.459336531334
7280295	Pointe-Noire	-4.79029	11.87622	-4.871791	11.8209457	-4.7236532	11.9344997	-4.80861	11.83222	-4.75611	11.88972	207.23658412894522
7284999	Surselva District	46.69297	9.01569	46.49371	8.6509399	46.89174999999999	9.38029	46.61566	8.7323	46.84595	9.30396	2471.1186976503377
7284997	Maloja District	46.49112	9.77932	46.28606	9.456529999999999	46.6961799	10.1023501	46.36068	9.62378	46.62494	9.991	2263.1108372476
7284998	Moesa District	46.3462	9.17679	46.1690499	9.05391	46.5231601	9.299710100000002	46.20807	9.09788	46.39146	9.23744	745.2992908234593
7284995	Landquart District	46.95942	9.55472	46.85361	9.4542399	47.06496	9.6553	46.88164	9.50086	47.03974	9.59757	359.30906975858306
7285011	Prättigau/Davos District	46.86624	9.84407	46.6702399	9.591259899999999	47.06206	10.0972001	46.80476	9.64391	47.02225	9.95379	1681.9127141357822
7285009	Riviera-Pays-d'Enhaut District	46.46459	6.88499	46.37538	6.79742	46.55407	7.2492599	46.42731	6.82165	46.5004	7.20939	688.7468513469734
7285007	Ouest Lausannois District	46.54589	6.56995	46.4556401	6.526869899999999	46.58443	6.61275	46.513	6.55076	46.56734	6.60503	94.21293333572412
7285006	Nyon District	46.42004	6.22177	46.28436989999999	6.06401	46.5453599	6.3994301	46.30397	6.11683	46.51428	6.35913	748.0155932534249
7285005	Lavaux-Oron District	46.53618	6.77086	46.43155	6.639419999999999	46.6003699	6.9022999	46.47637	6.66955	46.59497	6.87899	378.18914597741673
7285004	Jura-Nord vaudois District	46.72981	6.45429	46.52347	6.1105199	46.9360399	6.79841	46.58078	6.20467	46.90124	6.78091	2414.403381096383
7285003	Gros-de-Vaud District	46.6518	6.65728	46.5602601	6.5077	46.74337	6.806489999999999	46.57524	6.52555	46.71767	6.75493	465.133840567509
7285002	Broye-Vully District	46.78082	6.90161	46.58115	6.709810099999999	46.9867099	7.093149899999999	46.60131	6.73085	46.95213	7.07442	1321.2090315795635
6113358	Prince Edward Island	46.50011	-62.99868	45.8574361	-64.5873098	47.478589	-61.640568	45.93343	-64.49875	47.11683	-61.9153	41133.80235362817
6115047	Québec	52.00017	-71.99907	44.9913581	-79.77947379999999	62.600852	-57.1054859	44.99449	-79.74969	62.58397	-57.101	3479898.843833833
3214109	Ortenaukreis	48.41667	8	48.1580772	7.680875500000001	48.7183911	8.330541199999999	48.2175	7.73333	48.6659	8.2256	3002.3854293392837
343291	Asosa	10	34.5	9.589748	34.1722869	11.2535848	35.1732445	10.0	34.5	10.66667	34.83333	20304.135582592404
2780189	Eisenstadt-Umgebung	47.83333	16.58333	47.73543	16.3481199	47.9737401	16.8043001	47.75624	16.37507	47.93647	16.73615	904.0157882987793
2783309	Zedelgem	51.12617	3.13719	51.08394999999999	3.0572499	51.1674	3.2153101	51.12045	3.08624	51.12617	3.13719	102.44801625213903
1337210	Khulna Division	22.91667	89.25	21.6379626	88.570618	24.2097079	89.988396	21.65639	88.566	25.96746	91.46836	ADM1	Y	7851
8131782	Ronneby	56.24806	15.25001	56.10879689999999	15.052	56.2302791	15.5141732	56.17549	15.03046	56.43816	15.46391	ADM3	N	7
1179245	Federally Administered Tribal Areas	33.01455	69.99925	31.0572999	69.238777	34.9716801	71.85027509999999	31.15139	69.245	34.95889	73.74855	ADM1	Y	10479
7280290	Taipei	25.02588	121.65161	24.9605084	121.4570603	25.2103038	121.6659421	24.67361	121.29171	25.3	122.00447	ADM1	Y	3082
1733040	Perlis	6.5	100.25	6.2456241	100.102993	6.726748000000001	100.3705678	1.41667	99.6607	6.69939	103.01667	ADM1	Y	651
3239091	Cerkno	46.125	13.97306	46.1034782	13.9494446	46.140291	14.0049281	46.05889	13.90139	46.17667	14.06667	ADM1	N	39
8633692	Dambatta	12.42005	8.63432	12.4358793	8.5151507	12.4908871	8.6315835	12.31702	8.48461	12.57057	8.73419	ADM2	N	10
3655672	Ibarra	0.33039	-78.08265	0.3143104	-78.1586052	0.3890675	-78.0882455	0.22098	-78.37844	0.77609	-78.02072	ADM2	N	8
2595294	Niamey	13.52139	2.10528	13.3849251	1.961549	13.629885	2.2314369	12.15	0.29306	15.16667	12.35	ADM1	Y	277
3239279	Moravske Toplice	46.7175	16.27361	46.6780051	16.2059496	46.7265446	16.2623714	46.65972	16.19778	46.76889	16.35	ADM1	N	35
1240371	Kilinochchi District	9.39487	80.40894	9.336519599999999	80.3180948	9.4173529	80.43511389999999	9.3611	80.1537	9.4034	80.40894	ADM2	N	2
8133123	Kävlinge	55.76175	13.07153	55.778344	13.079571	55.80922	13.1518599	55.75654	13.07153	55.82907	13.20084	ADM3	N	6
2673722	Stockholm	59.5	18	58.7356979	17.2375371	60.25631300000001	19.3518131	54.0	16.64894	60.31667	19.73333	ADM1	Y	8084
1246005	Gampaha District	7.1333	80	7.056004499999999	79.9738622	7.1068408	80.050764	6.9689	79.8417	7.2552	80.1279	ADM2	N	12
830704	Pirkanmaa	61.7	23.71667	60.93970079999999	22.5325327	62.4943907	24.9698323	60.95228	22.4902	69.42667	28.64685	ADM1	Y	4169
1250614	Badulla District	6.98472	81.05639	6.962978	81.03841779999999	7.0146049	81.0796165	6.714	80.8765	7.0453	81.2087	ADM2	N	9
1835847	Seoul	37.58333	127	37.4259627	126.7645827	37.7017495	127.1835899	33.36296	126.36659	37.75472	127.17945	ADM1	Y	3789
3344917	Ribnica na Pohorju	46.52533	15.26071	46.52034339999999	15.2533516	46.54968059999999	15.3026024	46.51611	15.2	46.57535	15.30571	ADM1	N	10
1251080	Anuradhapura District	8.33333	80.5	8.2595694	80.33786769999999	8.4107342	80.4681837	7.908	80.1145	8.5786	80.7301	ADM2	N	7
8633645	Dutsin Ma	12.45411	7.52241	12.4312959	7.478127499999999	12.4750455	7.5098419	12.3117	7.45499	12.51625	7.61199	ADM2	N	11
3239113	Medvode	46.13049	14.40272	46.1226835	14.3930648	46.1553265	14.4318997	46.08163	14.32205	46.18333	14.45	ADM1	N	37
6612108	Nelson	-41.27089	173.28401	-41.4528639	173.14142	-41.063994	173.5838054	-42.40829	171.33014	-40.49824	174.05019	ADM1	Y	3024
11153058	Montagnes	6.95434	-7.62897	6.577452	-8.472178999999999	8.1423519	-6.978052	5.66667	-8.57933	8.13638	-6.98944	28719.432284058217
3496024	Distrito Nacional	18.48333	-69.93333	18.4125184	-70.0188032	18.5475663	-69.8749567	18.4	-70.16209	18.96667	-68.88333	227.89508534871175
3900333	Aysén	-46.5	-73.5	-47.0551494	-75.6502339	-43.6399767	-71.9809664	-49.96905	-75.7	-43.6879	-71.16165	105549.65910911349
9155063	Cumanda	-2.2	-79.13333	-2.2121403	-79.1455079	-2.1967686	-79.1294834	-2.21398	-79.13333	-2.2	-79.08025	3.04335460881431
